1305031453.359684 rgb/1305031453.359684.png 1305031453.374112 depth/1305031453.374112.png 1305031453.369500 1.3137 0.8486 1.5192 0.8862 0.2326 -0.0893 -0.3906
1305031453.391690 rgb/1305031453.391690.png 1305031453.404816 depth/1305031453.404816.png 1305031453.409500 1.3237 0.8399 1.5217 0.8883 0.2196 -0.0905 -0.3930
1305031453.423683 rgb/1305031453.423683.png 1305031453.436941 depth/1305031453.436941.png 1305031453.439500 1.3320 0.8325 1.5244 0.8892 0.2106 -0.0890 -0.3963
1305031453.459685 rgb/1305031453.459685.png 1305031453.473352 depth/1305031453.473352.png 1305031453.469500 1.3399 0.8246 1.5276 0.8899 0.2000 -0.0879 -0.4005
1305031453.491698 rgb/1305031453.491698.png 1305031453.505218 depth/1305031453.505218.png 1305031453.509500 1.3506 0.8129 1.5323 0.8890 0.1877 -0.0886 -0.4082
1305031453.523684 rgb/1305031453.523684.png 1305031453.538301 depth/1305031453.538301.png 1305031453.539500 1.3579 0.8028 1.5362 0.8882 0.1804 -0.0900 -0.4129
1305031453.559753 rgb/1305031453.559753.png 1305031453.574074 depth/1305031453.574074.png 1305031453.569500 1.3650 0.7919 1.5405 0.8863 0.1751 -0.0914 -0.4188
1305031453.591640 rgb/1305031453.591640.png 1305031453.605314 depth/1305031453.605314.png 1305031453.609500 1.3731 0.7760 1.5462 0.8842 0.1692 -0.0933 -0.4252
1305031453.627706 rgb/1305031453.627706.png 1305031453.636951 depth/1305031453.636951.png 1305031453.639500 1.3775 0.7631 1.5502 0.8805 0.1700 -0.0973 -0.4317
1305031453.659600 rgb/1305031453.659600.png 1305031453.673185 depth/1305031453.673185.png 1305031453.669500 1.3809 0.7491 1.5537 0.8761 0.1741 -0.1017 -0.4380
1305031453.691678 rgb/1305031453.691678.png 1305031453.705487 depth/1305031453.705487.png 1305031453.709500 1.3842 0.7291 1.5582 0.8725 0.1799 -0.1064 -0.4417
1305031453.727652 rgb/1305031453.727652.png 1305031453.736856 depth/1305031453.736856.png 1305031453.739500 1.3856 0.7136 1.5613 0.8694 0.1886 -0.1103 -0.4432
1305031453.759694 rgb/1305031453.759694.png 1305031453.773786 depth/1305031453.773786.png 1305031453.769500 1.3859 0.6985 1.5641 0.8645 0.1975 -0.1167 -0.4472
1305031453.791716 rgb/1305031453.791716.png 1305031453.805041 depth/1305031453.805041.png 1305031453.809500 1.3853 0.6786 1.5677 0.8602 0.2074 -0.1218 -0.4496
1305031453.827773 rgb/1305031453.827773.png 1305031453.840352 depth/1305031453.840352.png 1305031453.839400 1.3831 0.6643 1.5701 0.8563 0.2171 -0.1284 -0.4507
1305031453.859705 rgb/1305031453.859705.png 1305031453.869618 depth/1305031453.869618.png 1305031453.869400 1.3807 0.6504 1.5724 0.8536 0.2287 -0.1378 -0.4474
1305031453.891710 rgb/1305031453.891710.png 1305031453.905519 depth/1305031453.905519.png 1305031453.909500 1.3756 0.6329 1.5751 0.8509 0.2427 -0.1529 -0.4402
1305031453.927723 rgb/1305031453.927723.png 1305031453.940012 depth/1305031453.940012.png 1305031453.939400 1.3703 0.6207 1.5769 0.8484 0.2532 -0.1645 -0.4349
1305031453.959641 rgb/1305031453.959641.png 1305031453.972592 depth/1305031453.972592.png 1305031453.969500 1.3647 0.6089 1.5788 0.8460 0.2668 -0.1699 -0.4292
1305031453.991624 rgb/1305031453.991624.png 1305031454.003179 depth/1305031454.003179.png 1305031453.999500 1.3579 0.5976 1.5809 0.8418 0.2780 -0.1745 -0.4286
1305031454.027662 rgb/1305031454.027662.png 1305031454.040976 depth/1305031454.040976.png 1305031454.039500 1.3491 0.5834 1.5826 0.8348 0.2931 -0.1832 -0.4285
1305031454.059654 rgb/1305031454.059654.png 1305031454.072690 depth/1305031454.072690.png 1305031454.069500 1.3411 0.5737 1.5832 0.8287 0.3070 -0.1876 -0.4288
1305031454.091651 rgb/1305031454.091651.png 1305031454.104619 depth/1305031454.104619.png 1305031454.109500 1.3300 0.5608 1.5844 0.8207 0.3269 -0.1931 -0.4270
1305031454.127701 rgb/1305031454.127701.png 1305031454.141030 depth/1305031454.141030.png 1305031454.139400 1.3211 0.5518 1.5848 0.8133 0.3414 -0.2003 -0.4264
1305031454.159672 rgb/1305031454.159672.png 1305031454.172688 depth/1305031454.172688.png 1305031454.169400 1.3125 0.5429 1.5847 0.8079 0.3564 -0.2071 -0.4212
1305031454.191658 rgb/1305031454.191658.png 1305031454.204626 depth/1305031454.204626.png 1305031454.209500 1.3008 0.5314 1.5849 0.7967 0.3804 -0.2168 -0.4166
1305031454.227671 rgb/1305031454.227671.png 1305031454.240858 depth/1305031454.240858.png 1305031454.239500 1.2933 0.5227 1.5850 0.7865 0.3968 -0.2227 -0.4176
1305031454.259627 rgb/1305031454.259627.png 1305031454.273489 depth/1305031454.273489.png 1305031454.269500 1.2862 0.5152 1.5848 0.7802 0.4082 -0.2251 -0.4171
1305031454.291639 rgb/1305031454.291639.png 1305031454.304744 depth/1305031454.304744.png 1305031454.309600 1.2769 0.5052 1.5836 0.7726 0.4260 -0.2258 -0.4130
1305031454.327699 rgb/1305031454.327699.png 1305031454.340806 depth/1305031454.340806.png 1305031454.339500 1.2707 0.4978 1.5832 0.7614 0.4409 -0.2307 -0.4155
1305031454.359636 rgb/1305031454.359636.png 1305031454.372652 depth/1305031454.372652.png 1305031454.369500 1.2648 0.4910 1.5819 0.7531 0.4504 -0.2353 -0.4178
1305031454.391677 rgb/1305031454.391677.png 1305031454.401962 depth/1305031454.401962.png 1305031454.399500 1.2600 0.4842 1.5809 0.7460 0.4638 -0.2359 -0.4157
1305031454.427465 rgb/1305031454.427465.png 1305031454.437248 depth/1305031454.437248.png 1305031454.439500 1.2544 0.4750 1.5784 0.7311 0.4839 -0.2435 -0.4147
1305031454.459913 rgb/1305031454.459913.png 1305031454.470741 depth/1305031454.470741.png 1305031454.469500 1.2513 0.4679 1.5761 0.7233 0.4957 -0.2426 -0.4151
1305031454.491617 rgb/1305031454.491617.png 1305031454.503859 depth/1305031454.503859.png 1305031454.499500 1.2492 0.4609 1.5733 0.7134 0.5100 -0.2408 -0.4159
1305031454.527700 rgb/1305031454.527700.png 1305031454.538424 depth/1305031454.538424.png 1305031454.539500 1.2478 0.4521 1.5687 0.7053 0.5258 -0.2389 -0.4110
1305031454.559575 rgb/1305031454.559575.png 1305031454.570323 depth/1305031454.570323.png 1305031454.569500 1.2477 0.4459 1.5650 0.6976 0.5408 -0.2379 -0.4053
1305031454.591635 rgb/1305031454.591635.png 1305031454.602019 depth/1305031454.602019.png 1305031454.599500 1.2492 0.4397 1.5605 0.6869 0.5564 -0.2411 -0.4006
1305031454.627580 rgb/1305031454.627580.png 1305031454.639284 depth/1305031454.639284.png 1305031454.639400 1.2521 0.4334 1.5548 0.6761 0.5720 -0.2488 -0.3921
1305031454.659528 rgb/1305031454.659528.png 1305031454.669573 depth/1305031454.669573.png 1305031454.669500 1.2552 0.4296 1.5499 0.6715 0.5807 -0.2556 -0.3827
1305031454.691884 rgb/1305031454.691884.png 1305031454.702030 depth/1305031454.702030.png 1305031454.699500 1.2596 0.4262 1.5450 0.6646 0.5907 -0.2633 -0.3742
1305031454.727659 rgb/1305031454.727659.png 1305031454.740764 depth/1305031454.740764.png 1305031454.739400 1.2665 0.4229 1.5387 0.6619 0.5941 -0.2734 -0.3665
1305031454.759732 rgb/1305031454.759732.png 1305031454.772865 depth/1305031454.772865.png 1305031454.769500 1.2726 0.4211 1.5338 0.6667 0.5906 -0.2769 -0.3606
1305031454.791641 rgb/1305031454.791641.png 1305031454.802574 depth/1305031454.802574.png 1305031454.799500 1.2787 0.4191 1.5288 0.6709 0.5861 -0.2808 -0.3571
1305031454.827570 rgb/1305031454.827570.png 1305031454.840500 depth/1305031454.840500.png 1305031454.839500 1.2870 0.4155 1.5218 0.6788 0.5794 -0.2819 -0.3522
1305031454.859620 rgb/1305031454.859620.png 1305031454.870269 depth/1305031454.870269.png 1305031454.869400 1.2928 0.4121 1.5163 0.6858 0.5730 -0.2800 -0.3506
1305031454.891764 rgb/1305031454.891764.png 1305031454.901065 depth/1305031454.901065.png 1305031454.899500 1.2982 0.4076 1.5110 0.6922 0.5665 -0.2780 -0.3503
1305031454.927567 rgb/1305031454.927567.png 1305031454.940240 depth/1305031454.940240.png 1305031454.939400 1.3048 0.4000 1.5041 0.7005 0.5589 -0.2737 -0.3494
1305031454.959648 rgb/1305031454.959648.png 1305031454.973081 depth/1305031454.973081.png 1305031454.969500 1.3088 0.3929 1.4991 0.7054 0.5529 -0.2726 -0.3498
1305031454.991937 rgb/1305031454.991937.png 1305031455.010759 depth/1305031455.010759.png 1305031455.009800 1.3136 0.3816 1.4930 0.7093 0.5486 -0.2721 -0.3493
1305031455.027799 rgb/1305031455.027799.png 1305031455.040446 depth/1305031455.040446.png 1305031455.039500 1.3156 0.3720 1.4883 0.7118 0.5463 -0.2703 -0.3491
1305031455.059636 rgb/1305031455.059636.png 1305031455.074282 depth/1305031455.074282.png 1305031455.069500 1.3173 0.3613 1.4844 0.7144 0.5433 -0.2665 -0.3514
1305031455.091700 rgb/1305031455.091700.png 1305031455.110340 depth/1305031455.110340.png 1305031455.109600 1.3171 0.3461 1.4789 0.7140 0.5406 -0.2646 -0.3576
1305031455.127695 rgb/1305031455.127695.png 1305031455.142700 depth/1305031455.142700.png 1305031455.139500 1.3161 0.3345 1.4750 0.7173 0.5367 -0.2612 -0.3595
1305031455.159720 rgb/1305031455.159720.png 1305031455.172771 depth/1305031455.172771.png 1305031455.169500 1.3143 0.3224 1.4712 0.7221 0.5323 -0.2582 -0.3585
1305031455.191655 rgb/1305031455.191655.png 1305031455.210307 depth/1305031455.210307.png 1305031455.209500 1.3104 0.3065 1.4668 0.7286 0.5255 -0.2554 -0.3574
1305031455.227581 rgb/1305031455.227581.png 1305031455.240960 depth/1305031455.240960.png 1305031455.239500 1.3069 0.2948 1.4640 0.7324 0.5202 -0.2536 -0.3588
1305031455.259631 rgb/1305031455.259631.png 1305031455.273001 depth/1305031455.273001.png 1305031455.269400 1.3025 0.2837 1.4610 0.7391 0.5146 -0.2500 -0.3555
1305031455.291831 rgb/1305031455.291831.png 1305031455.310303 depth/1305031455.310303.png 1305031455.309400 1.2966 0.2679 1.4574 0.7500 0.5012 -0.2502 -0.3517
1305031455.327766 rgb/1305031455.327766.png 1305031455.342381 depth/1305031455.342381.png 1305031455.339400 1.2912 0.2562 1.4555 0.7566 0.4959 -0.2499 -0.3452
1305031455.359630 rgb/1305031455.359630.png 1305031455.374120 depth/1305031455.374120.png 1305031455.369400 1.2859 0.2446 1.4540 0.7652 0.4904 -0.2440 -0.3384
1305031455.391665 rgb/1305031455.391665.png 1305031455.409213 depth/1305031455.409213.png 1305031455.409500 1.2785 0.2289 1.4539 0.7771 0.4781 -0.2374 -0.3334
1305031455.427642 rgb/1305031455.427642.png 1305031455.442380 depth/1305031455.442380.png 1305031455.439500 1.2727 0.2163 1.4552 0.7845 0.4705 -0.2338 -0.3295
1305031455.459589 rgb/1305031455.459589.png 1305031455.473168 depth/1305031455.473168.png 1305031455.469400 1.2662 0.2035 1.4571 0.7898 0.4629 -0.2332 -0.3281
1305031455.491637 rgb/1305031455.491637.png 1305031455.509397 depth/1305031455.509397.png 1305031455.509500 1.2563 0.1857 1.4607 0.7994 0.4485 -0.2326 -0.3250
1305031455.527610 rgb/1305031455.527610.png 1305031455.540835 depth/1305031455.540835.png 1305031455.539500 1.2481 0.1714 1.4648 0.8046 0.4385 -0.2355 -0.3239
1305031455.559669 rgb/1305031455.559669.png 1305031455.572996 depth/1305031455.572996.png 1305031455.569400 1.2395 0.1563 1.4697 0.8107 0.4286 -0.2389 -0.3192
1305031455.591645 rgb/1305031455.591645.png 1305031455.608802 depth/1305031455.608802.png 1305031455.609500 1.2262 0.1363 1.4775 0.8197 0.4139 -0.2411 -0.3142
1305031455.627617 rgb/1305031455.627617.png 1305031455.641333 depth/1305031455.641333.png 1305031455.639400 1.2156 0.1213 1.4844 0.8227 0.4056 -0.2413 -0.3169
1305031455.659615 rgb/1305031455.659615.png 1305031455.672887 depth/1305031455.672887.png 1305031455.669400 1.2051 0.1062 1.4921 0.8224 0.4031 -0.2406 -0.3213
1305031455.691605 rgb/1305031455.691605.png 1305031455.707680 depth/1305031455.707680.png 1305031455.709600 1.1914 0.0866 1.5035 0.8217 0.4055 -0.2345 -0.3246
1305031455.727628 rgb/1305031455.727628.png 1305031455.742005 depth/1305031455.742005.png 1305031455.739400 1.1816 0.0728 1.5129 0.8217 0.4069 -0.2281 -0.3274
1305031455.759683 rgb/1305031455.759683.png 1305031455.773667 depth/1305031455.773667.png 1305031455.769500 1.1714 0.0602 1.5227 0.8219 0.4049 -0.2240 -0.3322
1305031455.791666 rgb/1305031455.791666.png 1305031455.809109 depth/1305031455.809109.png 1305031455.809400 1.1596 0.0435 1.5370 0.8228 0.4024 -0.2192 -0.3362
1305031455.827590 rgb/1305031455.827590.png 1305031455.838364 depth/1305031455.838364.png 1305031455.839400 1.1508 0.0316 1.5476 0.8228 0.4020 -0.2174 -0.3379
1305031455.859526 rgb/1305031455.859526.png 1305031455.872220 depth/1305031455.872220.png 1305031455.869400 1.1428 0.0204 1.5583 0.8237 0.4019 -0.2133 -0.3383
1305031455.891657 rgb/1305031455.891657.png 1305031455.908418 depth/1305031455.908418.png 1305031455.909800 1.1317 0.0064 1.5715 0.8252 0.4002 -0.2086 -0.3398
1305031455.927955 rgb/1305031455.927955.png 1305031455.939606 depth/1305031455.939606.png 1305031455.939400 1.1237 -0.0038 1.5811 0.8259 0.4004 -0.2037 -0.3408
1305031455.959716 rgb/1305031455.959716.png 1305031455.973594 depth/1305031455.973594.png 1305031455.969400 1.1152 -0.0134 1.5897 0.8268 0.4007 -0.1985 -0.3411
1305031455.991694 rgb/1305031455.991694.png 1305031456.008998 depth/1305031456.008998.png 1305031456.009400 1.1038 -0.0253 1.6000 0.8294 0.4018 -0.1882 -0.3394
1305031456.027770 rgb/1305031456.027770.png 1305031456.041930 depth/1305031456.041930.png 1305031456.039400 1.0949 -0.0340 1.6070 0.8318 0.4066 -0.1770 -0.3338
1305031456.059713 rgb/1305031456.059713.png 1305031456.073846 depth/1305031456.073846.png 1305031456.069500 1.0858 -0.0422 1.6136 0.8329 0.4112 -0.1686 -0.3298
1305031456.091707 rgb/1305031456.091707.png 1305031456.108963 depth/1305031456.108963.png 1305031456.109500 1.0731 -0.0517 1.6221 0.8338 0.4115 -0.1615 -0.3306
1305031456.127645 rgb/1305031456.127645.png 1305031456.140836 depth/1305031456.140836.png 1305031456.139400 1.0635 -0.0582 1.6280 0.8356 0.4097 -0.1561 -0.3309
1305031456.159731 rgb/1305031456.159731.png 1305031456.173198 depth/1305031456.173198.png 1305031456.169400 1.0538 -0.0638 1.6338 0.8366 0.4062 -0.1506 -0.3352
1305031456.191658 rgb/1305031456.191658.png 1305031456.208934 depth/1305031456.208934.png 1305031456.209400 1.0404 -0.0698 1.6401 0.8385 0.3980 -0.1431 -0.3435
1305031456.227678 rgb/1305031456.227678.png 1305031456.240996 depth/1305031456.240996.png 1305031456.239400 1.0297 -0.0738 1.6434 0.8419 0.3922 -0.1342 -0.3456
1305031456.291675 rgb/1305031456.291675.png 1305031456.277928 depth/1305031456.277928.png 1305031456.279600 1.0154 -0.0779 1.6472 0.8451 0.3836 -0.1237 -0.3512
1305031456.327718 rgb/1305031456.327718.png 1305031456.341659 depth/1305031456.341659.png 1305031456.339500 0.9925 -0.0829 1.6500 0.8494 0.3649 -0.1125 -0.3644
1305031456.391619 rgb/1305031456.391619.png 1305031456.377115 depth/1305031456.377115.png 1305031456.379400 0.9767 -0.0856 1.6491 0.8534 0.3551 -0.1003 -0.3682
1305031456.427662 rgb/1305031456.427662.png 1305031456.440717 depth/1305031456.440717.png 1305031456.439400 0.9512 -0.0895 1.6447 0.8560 0.3394 -0.0902 -0.3793
1305031456.491677 rgb/1305031456.491677.png 1305031456.476027 depth/1305031456.476027.png 1305031456.479500 0.9330 -0.0922 1.6379 0.8612 0.3339 -0.0884 -0.3729
1305031456.527641 rgb/1305031456.527641.png 1305031456.541832 depth/1305031456.541832.png 1305031456.539400 0.9048 -0.0955 1.6257 0.8677 0.3262 -0.0897 -0.3641
1305031456.591651 rgb/1305031456.591651.png 1305031456.576087 depth/1305031456.576087.png 1305031456.579500 0.8860 -0.0976 1.6171 0.8702 0.3170 -0.0883 -0.3666
1305031456.627612 rgb/1305031456.627612.png 1305031456.640699 depth/1305031456.640699.png 1305031456.639400 0.8589 -0.0998 1.6011 0.8838 0.3049 -0.0748 -0.3470
1305031456.691612 rgb/1305031456.691612.png 1305031456.675835 depth/1305031456.675835.png 1305031456.679500 0.8418 -0.1012 1.5914 0.8866 0.2933 -0.0744 -0.3497
1305031456.727693 rgb/1305031456.727693.png 1305031456.740863 depth/1305031456.740863.png 1305031456.739400 0.8174 -0.1038 1.5750 0.8948 0.2803 -0.0773 -0.3387
1305031456.791649 rgb/1305031456.791649.png 1305031456.777218 depth/1305031456.777218.png 1305031456.779400 0.8008 -0.1056 1.5643 0.8944 0.2752 -0.0883 -0.3414
1305031456.827603 rgb/1305031456.827603.png 1305031456.841050 depth/1305031456.841050.png 1305031456.839500 0.7762 -0.1084 1.5469 0.9011 0.2627 -0.0937 -0.3319
1305031456.891672 rgb/1305031456.891672.png 1305031456.878006 depth/1305031456.878006.png 1305031456.879400 0.7602 -0.1108 1.5356 0.9040 0.2557 -0.0913 -0.3302
1305031456.927690 rgb/1305031456.927690.png 1305031456.942298 depth/1305031456.942298.png 1305031456.939400 0.7369 -0.1155 1.5199 0.9063 0.2406 -0.0858 -0.3367
1305031456.959667 rgb/1305031456.959667.png 1305031456.977139 depth/1305031456.977139.png 1305031456.979400 0.7217 -0.1202 1.5101 0.9107 0.2363 -0.0788 -0.3294
1305031456.991709 rgb/1305031456.991709.png 1305031457.006193 depth/1305031457.006193.png 1305031457.009500 0.7107 -0.1243 1.5046 0.9119 0.2327 -0.0752 -0.3296
1305031457.027648 rgb/1305031457.027648.png 1305031457.042512 depth/1305031457.042512.png 1305031457.039500 0.7001 -0.1288 1.5001 0.9144 0.2259 -0.0716 -0.3281
1305031457.091655 rgb/1305031457.091655.png 1305031457.076011 depth/1305031457.076011.png 1305031457.079400 0.6863 -0.1360 1.4959 0.9197 0.2186 -0.0643 -0.3198
1305031457.127632 rgb/1305031457.127632.png 1305031457.142120 depth/1305031457.142120.png 1305031457.139400 0.6663 -0.1485 1.4964 0.9227 0.2053 -0.0555 -0.3214
1305031457.191735 rgb/1305031457.191735.png 1305031457.177463 depth/1305031457.177463.png 1305031457.179400 0.6527 -0.1581 1.4995 0.9243 0.1944 -0.0509 -0.3244
1305031457.227543 rgb/1305031457.227543.png 1305031457.240792 depth/1305031457.240792.png 1305031457.239400 0.6319 -0.1750 1.5065 0.9277 0.1801 -0.0414 -0.3244
1305031457.291656 rgb/1305031457.291656.png 1305031457.277247 depth/1305031457.277247.png 1305031457.279400 0.6173 -0.1877 1.5135 0.9267 0.1677 -0.0365 -0.3344
1305031457.327548 rgb/1305031457.327548.png 1305031457.342954 depth/1305031457.342954.png 1305031457.339400 0.5953 -0.2073 1.5252 0.9280 0.1513 -0.0221 -0.3397
1305031457.391684 rgb/1305031457.391684.png 1305031457.376037 depth/1305031457.376037.png 1305031457.379400 0.5806 -0.2200 1.5350 0.9275 0.1379 -0.0130 -0.3471
1305031457.427641 rgb/1305031457.427641.png 1305031457.441357 depth/1305031457.441357.png 1305031457.439400 0.5579 -0.2387 1.5520 0.9287 0.1221 -0.0066 -0.3502
1305031457.491705 rgb/1305031457.491705.png 1305031457.476577 depth/1305031457.476577.png 1305031457.479400 0.5424 -0.2506 1.5644 0.9290 0.1164 -0.0055 -0.3513
1305031457.527638 rgb/1305031457.527638.png 1305031457.508603 depth/1305031457.508603.png 1305031457.509400 0.5306 -0.2595 1.5738 0.9285 0.1119 -0.0039 -0.3539
1305031457.559685 rgb/1305031457.559685.png 1305031457.543946 depth/1305031457.543946.png 1305031457.539400 0.5191 -0.2683 1.5829 0.9277 0.1068 -0.0015 -0.3578
1305031457.591678 rgb/1305031457.591678.png 1305031457.576581 depth/1305031457.576581.png 1305031457.579400 0.5037 -0.2796 1.5943 0.9271 0.1001 0.0021 -0.3613
1305031457.627526 rgb/1305031457.627526.png 1305031457.643534 depth/1305031457.643534.png 1305031457.639400 0.4798 -0.2934 1.6105 0.9269 0.0926 0.0041 -0.3638
1305031457.659632 rgb/1305031457.659632.png 1305031457.675414 depth/1305031457.675414.png 1305031457.679400 0.4631 -0.3016 1.6201 0.9290 0.0877 0.0052 -0.3594
1305031457.691570 rgb/1305031457.691570.png 1305031457.707739 depth/1305031457.707739.png 1305031457.709500 0.4500 -0.3075 1.6279 0.9297 0.0875 0.0070 -0.3577
1305031457.727669 rgb/1305031457.727669.png 1305031457.745071 depth/1305031457.745071.png 1305031457.749400 0.4325 -0.3147 1.6386 0.9280 0.0877 0.0107 -0.3621
1305031457.759556 rgb/1305031457.759556.png 1305031457.773518 depth/1305031457.773518.png 1305031457.769400 0.4237 -0.3182 1.6444 0.9267 0.0868 0.0125 -0.3655
1305031457.791567 rgb/1305031457.791567.png 1305031457.807824 depth/1305031457.807824.png 1305031457.809400 0.4064 -0.3245 1.6559 0.9222 0.0825 0.0180 -0.3773
1305031457.827699 rgb/1305031457.827699.png 1305031457.842853 depth/1305031457.842853.png 1305031457.839400 0.3933 -0.3280 1.6635 0.9207 0.0779 0.0252 -0.3817
1305031457.859623 rgb/1305031457.859623.png 1305031457.875920 depth/1305031457.875920.png 1305031457.879400 0.3754 -0.3320 1.6736 0.9172 0.0732 0.0327 -0.3903
1305031457.891593 rgb/1305031457.891593.png 1305031457.906126 depth/1305031457.906126.png 1305031457.909400 0.3620 -0.3347 1.6812 0.9132 0.0698 0.0343 -0.4001
1305031457.927633 rgb/1305031457.927633.png 1305031457.942604 depth/1305031457.942604.png 1305031457.939400 0.3480 -0.3365 1.6872 0.9113 0.0645 0.0333 -0.4053
1305031457.991644 rgb/1305031457.991644.png 1305031457.976744 depth/1305031457.976744.png 1305031457.979600 0.3289 -0.3379 1.6931 0.9098 0.0610 0.0331 -0.4091
1305031458.027845 rgb/1305031458.027845.png 1305031458.009019 depth/1305031458.009019.png 1305031458.009800 0.3137 -0.3379 1.6964 0.9062 0.0587 0.0343 -0.4173
1305031458.059689 rgb/1305031458.059689.png 1305031458.046303 depth/1305031458.046303.png 1305031458.049400 0.2930 -0.3366 1.6984 0.9020 0.0526 0.0384 -0.4267
1305031458.091690 rgb/1305031458.091690.png 1305031458.077315 depth/1305031458.077315.png 1305031458.079400 0.2768 -0.3342 1.6977 0.9023 0.0487 0.0419 -0.4264
1305031458.127605 rgb/1305031458.127605.png 1305031458.108896 depth/1305031458.108896.png 1305031458.109500 0.2600 -0.3310 1.6957 0.9031 0.0461 0.0465 -0.4245
1305031458.159638 rgb/1305031458.159638.png 1305031458.144808 depth/1305031458.144808.png 1305031458.149700 0.2367 -0.3254 1.6925 0.9018 0.0434 0.0504 -0.4270
1305031458.191646 rgb/1305031458.191646.png 1305031458.178039 depth/1305031458.178039.png 1305031458.179400 0.2184 -0.3200 1.6887 0.9023 0.0395 0.0500 -0.4264
1305031458.227611 rgb/1305031458.227611.png 1305031458.209384 depth/1305031458.209384.png 1305031458.209400 0.1997 -0.3141 1.6842 0.9058 0.0383 0.0499 -0.4191
1305031458.259934 rgb/1305031458.259934.png 1305031458.245729 depth/1305031458.245729.png 1305031458.249600 0.1742 -0.3057 1.6785 0.9071 0.0412 0.0503 -0.4158
1305031458.291664 rgb/1305031458.291664.png 1305031458.277447 depth/1305031458.277447.png 1305031458.279400 0.1546 -0.2988 1.6746 0.9034 0.0422 0.0471 -0.4241
1305031458.327628 rgb/1305031458.327628.png 1305031458.308343 depth/1305031458.308343.png 1305031458.309600 0.1358 -0.2920 1.6694 0.9037 0.0418 0.0428 -0.4239
1305031458.359590 rgb/1305031458.359590.png 1305031458.343898 depth/1305031458.343898.png 1305031458.339400 0.1175 -0.2853 1.6636 0.9028 0.0414 0.0387 -0.4262
1305031458.391626 rgb/1305031458.391626.png 1305031458.376213 depth/1305031458.376213.png 1305031458.379400 0.0949 -0.2756 1.6545 0.8972 0.0388 0.0337 -0.4385
1305031458.427598 rgb/1305031458.427598.png 1305031458.407856 depth/1305031458.407856.png 1305031458.409400 0.0800 -0.2681 1.6455 0.8951 0.0314 0.0302 -0.4437
1305031458.459637 rgb/1305031458.459637.png 1305031458.443957 depth/1305031458.443957.png 1305031458.439400 0.0667 -0.2605 1.6348 0.8913 0.0210 0.0289 -0.4521
1305031458.491696 rgb/1305031458.491696.png 1305031458.476034 depth/1305031458.476034.png 1305031458.479400 0.0510 -0.2506 1.6192 0.8788 0.0132 0.0353 -0.4757
1305031458.527737 rgb/1305031458.527737.png 1305031458.508869 depth/1305031458.508869.png 1305031458.509400 0.0407 -0.2434 1.6055 0.8685 0.0105 0.0414 -0.4938
1305031458.559628 rgb/1305031458.559628.png 1305031458.544401 depth/1305031458.544401.png 1305031458.549400 0.0294 -0.2339 1.5838 -0.8625 -0.0057 -0.0502 0.5036
1305031458.591641 rgb/1305031458.591641.png 1305031458.576178 depth/1305031458.576178.png 1305031458.579400 0.0218 -0.2256 1.5674 -0.8575 -0.0075 -0.0561 0.5113
1305031458.627659 rgb/1305031458.627659.png 1305031458.608421 depth/1305031458.608421.png 1305031458.609400 0.0154 -0.2163 1.5502 -0.8532 -0.0119 -0.0578 0.5182
1305031458.659623 rgb/1305031458.659623.png 1305031458.643659 depth/1305031458.643659.png 1305031458.639400 0.0099 -0.2072 1.5323 -0.8564 -0.0130 -0.0577 0.5130
1305031458.691674 rgb/1305031458.691674.png 1305031458.676991 depth/1305031458.676991.png 1305031458.679400 0.0035 -0.1949 1.5091 -0.8605 -0.0251 -0.0469 0.5067
1305031458.727650 rgb/1305031458.727650.png 1305031458.744924 depth/1305031458.744924.png 1305031458.749400 -0.0036 -0.1742 1.4741 -0.8580 -0.0568 -0.0256 0.5099
1305031458.759945 rgb/1305031458.759945.png 1305031458.773802 depth/1305031458.773802.png 1305031458.769400 -0.0051 -0.1692 1.4658 -0.8586 -0.0683 -0.0173 0.5078
1305031458.791632 rgb/1305031458.791632.png 1305031458.810621 depth/1305031458.810621.png 1305031458.809400 -0.0087 -0.1581 1.4507 -0.8612 -0.0798 -0.0090 0.5019
1305031458.827564 rgb/1305031458.827564.png 1305031458.842919 depth/1305031458.842919.png 1305031458.839400 -0.0123 -0.1508 1.4419 0.8625 0.0813 0.0047 -0.4995
1305031458.891665 rgb/1305031458.891665.png 1305031458.875889 depth/1305031458.875889.png 1305031458.879400 -0.0198 -0.1425 1.4340 -0.8564 -0.0886 -0.0069 0.5086
1305031458.927621 rgb/1305031458.927621.png 1305031458.910599 depth/1305031458.910599.png 1305031458.909400 -0.0271 -0.1372 1.4296 -0.8567 -0.0846 -0.0123 0.5087
1305031458.959617 rgb/1305031458.959617.png 1305031458.943997 depth/1305031458.943997.png 1305031458.939400 -0.0363 -0.1316 1.4261 -0.8612 -0.0711 -0.0140 0.5031
1305031458.991647 rgb/1305031458.991647.png 1305031458.976007 depth/1305031458.976007.png 1305031458.979300 -0.0526 -0.1247 1.4239 -0.8631 -0.0612 -0.0192 0.5009
1305031459.027665 rgb/1305031459.027665.png 1305031459.012560 depth/1305031459.012560.png 1305031459.009400 -0.0678 -0.1192 1.4238 -0.8584 -0.0628 -0.0183 0.5088
1305031459.059631 rgb/1305031459.059631.png 1305031459.073657 depth/1305031459.073657.png 1305031459.069400 -0.1027 -0.1085 1.4226 -0.8536 -0.0534 0.0027 0.5181
1305031459.127618 rgb/1305031459.127618.png 1305031459.112711 depth/1305031459.112711.png 1305031459.109400 -0.1292 -0.1014 1.4212 -0.8485 -0.0562 0.0292 0.5254
1305031459.159639 rgb/1305031459.159639.png 1305031459.144497 depth/1305031459.144497.png 1305031459.149400 -0.1559 -0.0951 1.4176 -0.8444 -0.0640 0.0568 0.5289
1305031459.191674 rgb/1305031459.191674.png 1305031459.176463 depth/1305031459.176463.png 1305031459.179300 -0.1747 -0.0903 1.4134 -0.8424 -0.0655 0.0735 0.5299
1305031459.227607 rgb/1305031459.227607.png 1305031459.244159 depth/1305031459.244159.png 1305031459.239400 -0.2076 -0.0821 1.4010 -0.8433 -0.0534 0.0954 0.5262
1305031459.259760 rgb/1305031459.259760.png 1305031459.274941 depth/1305031459.274941.png 1305031459.279400 -0.2258 -0.0783 1.3906 -0.8457 -0.0337 0.0909 0.5248
1305031459.327632 rgb/1305031459.327632.png 1305031459.311921 depth/1305031459.311921.png 1305031459.309400 -0.2373 -0.0771 1.3820 -0.8477 -0.0135 0.0806 0.5241
1305031459.359651 rgb/1305031459.359651.png 1305031459.374084 depth/1305031459.374084.png 1305031459.369400 -0.2570 -0.0781 1.3636 -0.8420 0.0410 0.0562 0.5350
1305031459.391667 rgb/1305031459.391667.png 1305031459.408831 depth/1305031459.408831.png 1305031459.409400 -0.2688 -0.0820 1.3490 -0.8509 0.0937 0.0369 0.5156
1305031459.427646 rgb/1305031459.427646.png 1305031459.443181 depth/1305031459.443181.png 1305031459.439300 -0.2772 -0.0852 1.3385 -0.8452 0.1407 0.0181 0.5153
1305031459.459679 rgb/1305031459.459679.png 1305031459.473401 depth/1305031459.473401.png 1305031459.469700 -0.2865 -0.0897 1.3278 -0.8378 0.1806 0.0063 0.5152
1305031459.527594 rgb/1305031459.527594.png 1305031459.510267 depth/1305031459.510267.png 1305031459.509500 -0.3004 -0.0960 1.3138 0.8365 -0.2282 0.0012 -0.4982
1305031459.559647 rgb/1305031459.559647.png 1305031459.544431 depth/1305031459.544431.png 1305031459.549400 -0.3157 -0.1008 1.3021 0.8305 -0.2638 0.0108 -0.4904
1305031459.591695 rgb/1305031459.591695.png 1305031459.576817 depth/1305031459.576817.png 1305031459.579400 -0.3294 -0.1034 1.2946 0.8260 -0.2822 0.0116 -0.4879
1305031459.627608 rgb/1305031459.627608.png 1305031459.611939 depth/1305031459.611939.png 1305031459.609400 -0.3446 -0.1039 1.2888 0.8245 -0.2932 0.0110 -0.4838
1305031459.659641 rgb/1305031459.659641.png 1305031459.643453 depth/1305031459.643453.png 1305031459.639300 -0.3605 -0.1032 1.2852 0.8233 -0.2973 0.0159 -0.4833
1305031459.691604 rgb/1305031459.691604.png 1305031459.675678 depth/1305031459.675678.png 1305031459.679400 -0.3822 -0.1010 1.2832 0.8214 -0.3087 0.0283 -0.4787
1305031459.727551 rgb/1305031459.727551.png 1305031459.743425 depth/1305031459.743425.png 1305031459.739300 -0.4159 -0.0941 1.2881 0.8208 -0.3153 0.0451 -0.4741
1305031459.791650 rgb/1305031459.791650.png 1305031459.776577 depth/1305031459.776577.png 1305031459.779400 -0.4384 -0.0872 1.2944 0.8202 -0.3142 0.0519 -0.4752
1305031459.827664 rgb/1305031459.827664.png 1305031459.812562 depth/1305031459.812562.png 1305031459.809400 -0.4549 -0.0811 1.2993 0.8215 -0.3130 0.0536 -0.4736
1305031459.859660 rgb/1305031459.859660.png 1305031459.844736 depth/1305031459.844736.png 1305031459.849400 -0.4761 -0.0703 1.3050 0.8238 -0.3119 0.0540 -0.4703
1305031459.891596 rgb/1305031459.891596.png 1305031459.877006 depth/1305031459.877006.png 1305031459.879400 -0.4914 -0.0620 1.3090 0.8269 -0.3120 0.0512 -0.4651
1305031459.927607 rgb/1305031459.927607.png 1305031459.943616 depth/1305031459.943616.png 1305031459.939400 -0.5198 -0.0440 1.3187 0.8273 -0.3159 0.0474 -0.4621
1305031459.991725 rgb/1305031459.991725.png 1305031459.979430 depth/1305031459.979430.png 1305031459.979400 -0.5377 -0.0309 1.3254 0.8280 -0.3206 0.0457 -0.4578
1305031460.027565 rgb/1305031460.027565.png 1305031460.011909 depth/1305031460.011909.png 1305031460.009400 -0.5506 -0.0209 1.3306 0.8278 -0.3237 0.0460 -0.4559
1305031460.059659 rgb/1305031460.059659.png 1305031460.043717 depth/1305031460.043717.png 1305031460.039400 -0.5624 -0.0104 1.3359 0.8267 -0.3259 0.0472 -0.4562
1305031460.091717 rgb/1305031460.091717.png 1305031460.079449 depth/1305031460.079449.png 1305031460.079400 -0.5769 0.0036 1.3424 0.8255 -0.3299 0.0421 -0.4560
1305031460.127690 rgb/1305031460.127690.png 1305031460.111951 depth/1305031460.111951.png 1305031460.109400 -0.5861 0.0141 1.3475 0.8238 -0.3341 0.0320 -0.4569
1305031460.159678 rgb/1305031460.159678.png 1305031460.144204 depth/1305031460.144204.png 1305031460.139300 -0.5949 0.0247 1.3525 0.8205 -0.3395 0.0212 -0.4595
1305031460.191559 rgb/1305031460.191559.png 1305031460.178730 depth/1305031460.178730.png 1305031460.179300 -0.6046 0.0391 1.3585 0.8199 -0.3450 0.0097 -0.4568
1305031460.227761 rgb/1305031460.227761.png 1305031460.243467 depth/1305031460.243467.png 1305031460.239400 -0.6171 0.0601 1.3681 0.8156 -0.3536 0.0126 -0.4578
1305031460.291689 rgb/1305031460.291689.png 1305031460.279164 depth/1305031460.279164.png 1305031460.279300 -0.6240 0.0731 1.3746 0.8130 -0.3580 0.0233 -0.4586
1305031460.327512 rgb/1305031460.327512.png 1305031460.342879 depth/1305031460.342879.png 1305031460.339400 -0.6327 0.0940 1.3841 0.8091 -0.3689 0.0360 -0.4561
1305031460.391611 rgb/1305031460.391611.png 1305031460.377806 depth/1305031460.377806.png 1305031460.379400 -0.6380 0.1082 1.3896 0.8075 -0.3784 0.0461 -0.4501
1305031460.427477 rgb/1305031460.427477.png 1305031460.409883 depth/1305031460.409883.png 1305031460.409400 -0.6414 0.1189 1.3935 0.8042 -0.3866 0.0543 -0.4481
1305031460.459620 rgb/1305031460.459620.png 1305031460.444036 depth/1305031460.444036.png 1305031460.439300 -0.6446 0.1292 1.3971 0.8012 -0.3953 0.0620 -0.4450
1305031460.491504 rgb/1305031460.491504.png 1305031460.479856 depth/1305031460.479856.png 1305031460.479700 -0.6484 0.1425 1.4016 0.7971 -0.4095 0.0765 -0.4373
1305031460.527570 rgb/1305031460.527570.png 1305031460.508966 depth/1305031460.508966.png 1305031460.509400 -0.6518 0.1526 1.4046 0.7942 -0.4227 0.0834 -0.4284
1305031460.559647 rgb/1305031460.559647.png 1305031460.544245 depth/1305031460.544245.png 1305031460.539300 -0.6558 0.1623 1.4074 0.7924 -0.4314 0.0909 -0.4216
1305031460.591855 rgb/1305031460.591855.png 1305031460.579561 depth/1305031460.579561.png 1305031460.579300 -0.6614 0.1754 1.4108 0.7903 -0.4367 0.1031 -0.4173
1305031460.627625 rgb/1305031460.627625.png 1305031460.612190 depth/1305031460.612190.png 1305031460.609400 -0.6660 0.1853 1.4132 0.7881 -0.4421 0.1102 -0.4139
1305031460.659764 rgb/1305031460.659764.png 1305031460.644011 depth/1305031460.644011.png 1305031460.639400 -0.6707 0.1953 1.4156 0.7864 -0.4450 0.1181 -0.4117
1305031460.691671 rgb/1305031460.691671.png 1305031460.679350 depth/1305031460.679350.png 1305031460.679300 -0.6772 0.2095 1.4183 0.7849 -0.4490 0.1250 -0.4082
1305031460.727675 rgb/1305031460.727675.png 1305031460.711684 depth/1305031460.711684.png 1305031460.709400 -0.6826 0.2209 1.4199 0.7860 -0.4507 0.1274 -0.4036
1305031460.759667 rgb/1305031460.759667.png 1305031460.743767 depth/1305031460.743767.png 1305031460.739300 -0.6876 0.2323 1.4217 0.7863 -0.4512 0.1332 -0.4005
1305031460.791660 rgb/1305031460.791660.png 1305031460.779201 depth/1305031460.779201.png 1305031460.779400 -0.6932 0.2483 1.4239 0.7856 -0.4528 0.1406 -0.3976
1305031460.827660 rgb/1305031460.827660.png 1305031460.811318 depth/1305031460.811318.png 1305031460.809300 -0.6973 0.2612 1.4254 0.7875 -0.4520 0.1434 -0.3936
1305031460.859714 rgb/1305031460.859714.png 1305031460.843836 depth/1305031460.843836.png 1305031460.839300 -0.7007 0.2742 1.4270 0.7897 -0.4516 0.1481 -0.3879
1305031460.891774 rgb/1305031460.891774.png 1305031460.879093 depth/1305031460.879093.png 1305031460.879400 -0.7040 0.2919 1.4292 0.7917 -0.4513 0.1570 -0.3806
1305031460.927562 rgb/1305031460.927562.png 1305031460.943375 depth/1305031460.943375.png 1305031460.939300 -0.7063 0.3178 1.4330 0.7953 -0.4533 0.1602 -0.3692
1305031460.991668 rgb/1305031460.991668.png 1305031460.979083 depth/1305031460.979083.png 1305031460.979400 -0.7061 0.3343 1.4368 0.7931 -0.4552 0.1647 -0.3696
1305031461.027620 rgb/1305031461.027620.png 1305031461.043398 depth/1305031461.043398.png 1305031461.039300 -0.7048 0.3579 1.4419 0.7900 -0.4574 0.1676 -0.3724
1305031461.091728 rgb/1305031461.091728.png 1305031461.079602 depth/1305031461.079602.png 1305031461.079300 -0.7039 0.3742 1.4443 0.7918 -0.4574 0.1649 -0.3695
1305031461.127586 rgb/1305031461.127586.png 1305031461.111961 depth/1305031461.111961.png 1305031461.109300 -0.7028 0.3863 1.4458 0.7931 -0.4560 0.1661 -0.3680
1305031461.159720 rgb/1305031461.159720.png 1305031461.144098 depth/1305031461.144098.png 1305031461.139300 -0.7014 0.3972 1.4478 0.7932 -0.4552 0.1678 -0.3680
1305031461.192013 rgb/1305031461.192013.png 1305031461.179883 depth/1305031461.179883.png 1305031461.179300 -0.6995 0.4111 1.4497 0.7930 -0.4516 0.1702 -0.3717
1305031461.227607 rgb/1305031461.227607.png 1305031461.211180 depth/1305031461.211180.png 1305031461.209600 -0.6977 0.4200 1.4504 0.7931 -0.4497 0.1730 -0.3725
1305031461.259642 rgb/1305031461.259642.png 1305031461.246864 depth/1305031461.246864.png 1305031461.249400 -0.6961 0.4315 1.4505 0.7936 -0.4467 0.1748 -0.3743
1305031461.291656 rgb/1305031461.291656.png 1305031461.278888 depth/1305031461.278888.png 1305031461.279300 -0.6946 0.4392 1.4501 0.7944 -0.4422 0.1775 -0.3768
1305031461.327751 rgb/1305031461.327751.png 1305031461.311240 depth/1305031461.311240.png 1305031461.309400 -0.6919 0.4479 1.4492 0.7948 -0.4398 0.1804 -0.3773
1305031461.359709 rgb/1305031461.359709.png 1305031461.346875 depth/1305031461.346875.png 1305031461.349300 -0.6864 0.4595 1.4473 0.7962 -0.4376 0.1869 -0.3738
1305031461.391708 rgb/1305031461.391708.png 1305031461.378850 depth/1305031461.378850.png 1305031461.379300 -0.6823 0.4676 1.4457 0.7993 -0.4378 0.1875 -0.3665
1305031461.427624 rgb/1305031461.427624.png 1305031461.411130 depth/1305031461.411130.png 1305031461.409500 -0.6776 0.4748 1.4451 0.7994 -0.4368 0.1893 -0.3664
1305031461.459781 rgb/1305031461.459781.png 1305031461.447015 depth/1305031461.447015.png 1305031461.449400 -0.6716 0.4817 1.4443 0.8013 -0.4381 0.1886 -0.3610
1305031461.491677 rgb/1305031461.491677.png 1305031461.478901 depth/1305031461.478901.png 1305031461.479300 -0.6674 0.4849 1.4442 0.8024 -0.4390 0.1880 -0.3579
1305031461.527705 rgb/1305031461.527705.png 1305031461.512120 depth/1305031461.512120.png 1305031461.509300 -0.6633 0.4869 1.4454 0.8004 -0.4374 0.1903 -0.3629
1305031461.559677 rgb/1305031461.559677.png 1305031461.547338 depth/1305031461.547338.png 1305031461.549400 -0.6582 0.4871 1.4465 0.8014 -0.4360 0.1919 -0.3617
1305031461.591690 rgb/1305031461.591690.png 1305031461.578847 depth/1305031461.578847.png 1305031461.579400 -0.6535 0.4856 1.4474 0.7995 -0.4345 0.2002 -0.3631
1305031461.627541 rgb/1305031461.627541.png 1305031461.609662 depth/1305031461.609662.png 1305031461.609600 -0.6485 0.4835 1.4479 0.7987 -0.4366 0.2046 -0.3601
1305031461.659622 rgb/1305031461.659622.png 1305031461.646970 depth/1305031461.646970.png 1305031461.649400 -0.6412 0.4788 1.4471 0.7988 -0.4373 0.2088 -0.3565
1305031461.691563 rgb/1305031461.691563.png 1305031461.676203 depth/1305031461.676203.png 1305031461.679300 -0.6354 0.4738 1.4460 0.7972 -0.4421 0.2089 -0.3541
1305031461.727602 rgb/1305031461.727602.png 1305031461.711212 depth/1305031461.711212.png 1305031461.709400 -0.6302 0.4679 1.4440 0.7960 -0.4478 0.2064 -0.3511
1305031461.759684 rgb/1305031461.759684.png 1305031461.746919 depth/1305031461.746919.png 1305031461.749400 -0.6242 0.4583 1.4410 0.7937 -0.4512 0.2070 -0.3515
1305031461.791612 rgb/1305031461.791612.png 1305031461.778616 depth/1305031461.778616.png 1305031461.779300 -0.6203 0.4498 1.4373 0.7930 -0.4556 0.2065 -0.3476
1305031461.827615 rgb/1305031461.827615.png 1305031461.811319 depth/1305031461.811319.png 1305031461.809300 -0.6165 0.4399 1.4330 0.7908 -0.4601 0.2083 -0.3457
1305031461.859767 rgb/1305031461.859767.png 1305031461.847090 depth/1305031461.847090.png 1305031461.849400 -0.6114 0.4253 1.4262 0.7857 -0.4687 0.2099 -0.3449
1305031461.891723 rgb/1305031461.891723.png 1305031461.879162 depth/1305031461.879162.png 1305031461.879300 -0.6079 0.4136 1.4197 0.7826 -0.4788 0.2067 -0.3398
1305031461.927758 rgb/1305031461.927758.png 1305031461.911121 depth/1305031461.911121.png 1305031461.909400 -0.6054 0.4025 1.4126 0.7814 -0.4874 0.2006 -0.3340
1305031461.959703 rgb/1305031461.959703.png 1305031461.947264 depth/1305031461.947264.png 1305031461.949400 -0.6029 0.3871 1.4037 0.7790 -0.4927 0.2028 -0.3305
1305031461.991590 rgb/1305031461.991590.png 1305031461.979223 depth/1305031461.979223.png 1305031461.979300 -0.6013 0.3754 1.3967 0.7764 -0.5007 0.2062 -0.3224
1305031462.027675 rgb/1305031462.027675.png 1305031462.011791 depth/1305031462.011791.png 1305031462.009300 -0.6004 0.3641 1.3893 0.7761 -0.5089 0.2016 -0.3130
1305031462.059837 rgb/1305031462.059837.png 1305031462.047463 depth/1305031462.047463.png 1305031462.049400 -0.5999 0.3508 1.3799 0.7735 -0.5194 0.1904 -0.3094
1305031462.091777 rgb/1305031462.091777.png 1305031462.079285 depth/1305031462.079285.png 1305031462.079300 -0.6004 0.3416 1.3736 0.7707 -0.5274 0.1809 -0.3083
1305031462.127739 rgb/1305031462.127739.png 1305031462.112081 depth/1305031462.112081.png 1305031462.109300 -0.6018 0.3329 1.3677 0.7690 -0.5337 0.1748 -0.3054
1305031462.159646 rgb/1305031462.159646.png 1305031462.147634 depth/1305031462.147634.png 1305031462.149300 -0.6053 0.3228 1.3605 0.7674 -0.5405 0.1687 -0.3009
1305031462.191641 rgb/1305031462.191641.png 1305031462.179358 depth/1305031462.179358.png 1305031462.179300 -0.6082 0.3166 1.3550 0.7679 -0.5400 0.1697 -0.3000
1305031462.227633 rgb/1305031462.227633.png 1305031462.212836 depth/1305031462.212836.png 1305031462.209300 -0.6121 0.3103 1.3494 0.7689 -0.5409 0.1705 -0.2952
1305031462.259765 rgb/1305031462.259765.png 1305031462.248986 depth/1305031462.248986.png 1305031462.249300 -0.6171 0.3030 1.3417 0.7725 -0.5390 0.1705 -0.2892
1305031462.291629 rgb/1305031462.291629.png 1305031462.280774 depth/1305031462.280774.png 1305031462.279300 -0.6217 0.2973 1.3354 0.7777 -0.5337 0.1696 -0.2856
1305031462.327540 rgb/1305031462.327540.png 1305031462.311931 depth/1305031462.311931.png 1305031462.309300 -0.6267 0.2916 1.3292 0.7828 -0.5290 0.1694 -0.2805
1305031462.359732 rgb/1305031462.359732.png 1305031462.347816 depth/1305031462.347816.png 1305031462.349400 -0.6334 0.2837 1.3204 0.7904 -0.5206 0.1712 -0.2737
1305031462.391695 rgb/1305031462.391695.png 1305031462.379950 depth/1305031462.379950.png 1305031462.379400 -0.6388 0.2781 1.3131 0.7969 -0.5147 0.1687 -0.2677
1305031462.427635 rgb/1305031462.427635.png 1305031462.413016 depth/1305031462.413016.png 1305031462.409300 -0.6448 0.2719 1.3059 0.8036 -0.5082 0.1655 -0.2620
1305031462.459897 rgb/1305031462.459897.png 1305031462.448295 depth/1305031462.448295.png 1305031462.449400 -0.6534 0.2630 1.2970 0.8133 -0.4977 0.1593 -0.2560
1305031462.492008 rgb/1305031462.492008.png 1305031462.480843 depth/1305031462.480843.png 1305031462.479300 -0.6599 0.2558 1.2908 0.8205 -0.4905 0.1548 -0.2493
1305031462.527670 rgb/1305031462.527670.png 1305031462.517041 depth/1305031462.517041.png 1305031462.519300 -0.6686 0.2458 1.2843 0.8282 -0.4807 0.1483 -0.2469
1305031462.559862 rgb/1305031462.559862.png 1305031462.548959 depth/1305031462.548959.png 1305031462.549300 -0.6749 0.2376 1.2807 0.8343 -0.4716 0.1441 -0.2466
1305031462.591862 rgb/1305031462.591862.png 1305031462.581088 depth/1305031462.581088.png 1305031462.579400 -0.6810 0.2289 1.2782 0.8394 -0.4618 0.1451 -0.2472
1305031462.627851 rgb/1305031462.627851.png 1305031462.617123 depth/1305031462.617123.png 1305031462.619300 -0.6876 0.2170 1.2760 0.8458 -0.4486 0.1467 -0.2488
1305031462.659660 rgb/1305031462.659660.png 1305031462.648708 depth/1305031462.648708.png 1305031462.649300 -0.6920 0.2068 1.2753 0.8497 -0.4384 0.1493 -0.2520
1305031462.692548 rgb/1305031462.692548.png 1305031462.680788 depth/1305031462.680788.png 1305031462.679300 -0.6963 0.1959 1.2751 0.8538 -0.4281 0.1496 -0.2558
1305031462.727652 rgb/1305031462.727652.png 1305031462.716812 depth/1305031462.716812.png 1305031462.719300 -0.7010 0.1807 1.2745 0.8613 -0.4120 0.1461 -0.2589
1305031462.759782 rgb/1305031462.759782.png 1305031462.748732 depth/1305031462.748732.png 1305031462.749300 -0.7037 0.1681 1.2741 0.8668 -0.4002 0.1429 -0.2610
1305031462.791943 rgb/1305031462.791943.png 1305031462.780885 depth/1305031462.780885.png 1305031462.779300 -0.7053 0.1540 1.2738 0.8708 -0.3908 0.1407 -0.2629
1305031462.827816 rgb/1305031462.827816.png 1305031462.816821 depth/1305031462.816821.png 1305031462.819300 -0.7057 0.1340 1.2737 0.8757 -0.3811 0.1354 -0.2637
1305031462.859782 rgb/1305031462.859782.png 1305031462.848525 depth/1305031462.848525.png 1305031462.849400 -0.7048 0.1178 1.2740 0.8790 -0.3752 0.1323 -0.2628
1305031462.891847 rgb/1305031462.891847.png 1305031462.880471 depth/1305031462.880471.png 1305031462.879300 -0.7028 0.1008 1.2750 0.8805 -0.3712 0.1322 -0.2635
1305031462.927607 rgb/1305031462.927607.png 1305031462.916800 depth/1305031462.916800.png 1305031462.919300 -0.6986 0.0783 1.2767 0.8814 -0.3669 0.1313 -0.2668
1305031462.959676 rgb/1305031462.959676.png 1305031462.947939 depth/1305031462.947939.png 1305031462.949400 -0.6950 0.0619 1.2785 0.8829 -0.3626 0.1286 -0.2694
1305031462.995550 rgb/1305031462.995550.png 1305031462.979943 depth/1305031462.979943.png 1305031462.979400 -0.6909 0.0456 1.2812 0.8837 -0.3566 0.1261 -0.2758
1305031463.027667 rgb/1305031463.027667.png 1305031463.016121 depth/1305031463.016121.png 1305031463.019300 -0.6855 0.0249 1.2858 0.8849 -0.3464 0.1237 -0.2857
1305031463.059810 rgb/1305031463.059810.png 1305031463.050783 depth/1305031463.050783.png 1305031463.049300 -0.6810 0.0098 1.2894 0.8875 -0.3373 0.1194 -0.2905
1305031463.095809 rgb/1305031463.095809.png 1305031463.076870 depth/1305031463.076870.png 1305031463.079300 -0.6761 -0.0053 1.2931 0.8904 -0.3283 0.1173 -0.2927
1305031463.127550 rgb/1305031463.127550.png 1305031463.116806 depth/1305031463.116806.png 1305031463.119400 -0.6689 -0.0247 1.2988 0.8923 -0.3156 0.1186 -0.3002
1305031463.159787 rgb/1305031463.159787.png 1305031463.148565 depth/1305031463.148565.png 1305031463.149300 -0.6629 -0.0389 1.3027 0.8936 -0.3070 0.1183 -0.3053
1305031463.195657 rgb/1305031463.195657.png 1305031463.180505 depth/1305031463.180505.png 1305031463.179400 -0.6560 -0.0525 1.3060 0.8956 -0.3000 0.1184 -0.3065
1305031463.227784 rgb/1305031463.227784.png 1305031463.217123 depth/1305031463.217123.png 1305031463.219400 -0.6456 -0.0700 1.3100 0.8977 -0.2925 0.1176 -0.3077
1305031463.260034 rgb/1305031463.260034.png 1305031463.248719 depth/1305031463.248719.png 1305031463.249300 -0.6371 -0.0826 1.3131 0.8968 -0.2890 0.1169 -0.3140
1305031463.295737 rgb/1305031463.295737.png 1305031463.278737 depth/1305031463.278737.png 1305031463.279300 -0.6277 -0.0945 1.3155 0.8973 -0.2832 0.1169 -0.3176
1305031463.327739 rgb/1305031463.327739.png 1305031463.317110 depth/1305031463.317110.png 1305031463.319300 -0.6147 -0.1098 1.3182 0.8999 -0.2762 0.1128 -0.3182
1305031463.359750 rgb/1305031463.359750.png 1305031463.348740 depth/1305031463.348740.png 1305031463.349300 -0.6041 -0.1206 1.3205 0.8996 -0.2717 0.1086 -0.3242
1305031463.395630 rgb/1305031463.395630.png 1305031463.380514 depth/1305031463.380514.png 1305031463.379300 -0.5929 -0.1309 1.3219 0.8996 -0.2670 0.1045 -0.3294
1305031463.427716 rgb/1305031463.427716.png 1305031463.416326 depth/1305031463.416326.png 1305031463.419300 -0.5770 -0.1446 1.3243 0.9015 -0.2614 0.1013 -0.3298
1305031463.459756 rgb/1305031463.459756.png 1305031463.444773 depth/1305031463.444773.png 1305031463.449400 -0.5642 -0.1549 1.3260 0.9018 -0.2597 0.1000 -0.3306
1305031463.495629 rgb/1305031463.495629.png 1305031463.480415 depth/1305031463.480415.png 1305031463.479300 -0.5508 -0.1653 1.3280 0.9024 -0.2589 0.1010 -0.3294
1305031463.527670 rgb/1305031463.527670.png 1305031463.516994 depth/1305031463.516994.png 1305031463.519300 -0.5324 -0.1790 1.3320 0.9015 -0.2572 0.1052 -0.3318
1305031463.559751 rgb/1305031463.559751.png 1305031463.548505 depth/1305031463.548505.png 1305031463.549400 -0.5188 -0.1894 1.3356 0.9002 -0.2575 0.1055 -0.3351
1305031463.595600 rgb/1305031463.595600.png 1305031463.580684 depth/1305031463.580684.png 1305031463.579300 -0.5052 -0.1995 1.3398 0.9013 -0.2567 0.1016 -0.3337
1305031463.627588 rgb/1305031463.627588.png 1305031463.616671 depth/1305031463.616671.png 1305031463.619300 -0.4863 -0.2128 1.3475 0.9021 -0.2534 0.0983 -0.3351
1305031463.659766 rgb/1305031463.659766.png 1305031463.646147 depth/1305031463.646147.png 1305031463.649400 -0.4713 -0.2222 1.3548 0.8991 -0.2511 0.0994 -0.3445
1305031463.695640 rgb/1305031463.695640.png 1305031463.683908 depth/1305031463.683908.png 1305031463.679300 -0.4563 -0.2316 1.3627 0.8990 -0.2485 0.0979 -0.3471
1305031463.727588 rgb/1305031463.727588.png 1305031463.716110 depth/1305031463.716110.png 1305031463.719300 -0.4353 -0.2432 1.3750 0.9002 -0.2438 0.0981 -0.3473
1305031463.759674 rgb/1305031463.759674.png 1305031463.747849 depth/1305031463.747849.png 1305031463.749400 -0.4190 -0.2513 1.3864 0.8987 -0.2394 0.1013 -0.3533
1305031463.795647 rgb/1305031463.795647.png 1305031463.783912 depth/1305031463.783912.png 1305031463.779400 -0.4029 -0.2586 1.3987 0.8984 -0.2317 0.1047 -0.3582
1305031463.827761 rgb/1305031463.827761.png 1305031463.815883 depth/1305031463.815883.png 1305031463.819300 -0.3820 -0.2681 1.4161 0.9008 -0.2203 0.1083 -0.3581
1305031463.859910 rgb/1305031463.859910.png 1305031463.848094 depth/1305031463.848094.png 1305031463.849300 -0.3666 -0.2749 1.4303 0.9012 -0.2117 0.1121 -0.3611
1305031463.895648 rgb/1305031463.895648.png 1305031463.883817 depth/1305031463.883817.png 1305031463.879300 -0.3514 -0.2815 1.4448 0.9016 -0.2042 0.1152 -0.3636
1305031463.927664 rgb/1305031463.927664.png 1305031463.917433 depth/1305031463.917433.png 1305031463.919300 -0.3324 -0.2892 1.4641 0.9029 -0.1960 0.1146 -0.3650
1305031463.959680 rgb/1305031463.959680.png 1305031463.944435 depth/1305031463.944435.png 1305031463.949400 -0.3191 -0.2950 1.4790 0.9038 -0.1888 0.1122 -0.3674
1305031463.995821 rgb/1305031463.995821.png 1305031463.983748 depth/1305031463.983748.png 1305031463.979300 -0.3069 -0.3009 1.4939 0.9038 -0.1818 0.1112 -0.3711
1305031464.027703 rgb/1305031464.027703.png 1305031464.015867 depth/1305031464.015867.png 1305031464.019300 -0.2919 -0.3082 1.5136 0.9051 -0.1713 0.1108 -0.3732
1305031464.059652 rgb/1305031464.059652.png 1305031464.047778 depth/1305031464.047778.png 1305031464.049400 -0.2816 -0.3136 1.5287 0.9056 -0.1641 0.1128 -0.3744
1305031464.095634 rgb/1305031464.095634.png 1305031464.083152 depth/1305031464.083152.png 1305031464.079300 -0.2717 -0.3187 1.5439 0.9047 -0.1558 0.1166 -0.3791
1305031464.127681 rgb/1305031464.127681.png 1305031464.115837 depth/1305031464.115837.png 1305031464.119300 -0.2598 -0.3259 1.5639 0.9049 -0.1485 0.1165 -0.3816
1305031464.159817 rgb/1305031464.159817.png 1305031464.147663 depth/1305031464.147663.png 1305031464.149400 -0.2517 -0.3313 1.5785 0.9043 -0.1453 0.1123 -0.3853
1305031464.195585 rgb/1305031464.195585.png 1305031464.183566 depth/1305031464.183566.png 1305031464.179400 -0.2438 -0.3368 1.5928 0.9022 -0.1397 0.1064 -0.3939
1305031464.227624 rgb/1305031464.227624.png 1305031464.212447 depth/1305031464.212447.png 1305031464.209300 -0.2359 -0.3421 1.6060 0.9003 -0.1320 0.0985 -0.4028
1305031464.259644 rgb/1305031464.259644.png 1305031464.247602 depth/1305031464.247602.png 1305031464.249300 -0.2256 -0.3493 1.6212 0.8999 -0.1230 0.0824 -0.4101
1305031464.295667 rgb/1305031464.295667.png 1305031464.283694 depth/1305031464.283694.png 1305031464.279400 -0.2171 -0.3545 1.6312 0.9016 -0.1131 0.0683 -0.4119
1305031464.327866 rgb/1305031464.327866.png 1305031464.315699 depth/1305031464.315699.png 1305031464.319300 -0.2041 -0.3610 1.6443 0.9029 -0.1002 0.0549 -0.4143
1305031464.359684 rgb/1305031464.359684.png 1305031464.347553 depth/1305031464.347553.png 1305031464.349300 -0.1927 -0.3660 1.6545 0.9030 -0.0922 0.0477 -0.4170
1305031464.395611 rgb/1305031464.395611.png 1305031464.383465 depth/1305031464.383465.png 1305031464.379300 -0.1807 -0.3706 1.6650 0.9017 -0.0841 0.0438 -0.4218
1305031464.427634 rgb/1305031464.427634.png 1305031464.415539 depth/1305031464.415539.png 1305031464.419300 -0.1636 -0.3776 1.6795 0.9017 -0.0729 0.0457 -0.4238
1305031464.459689 rgb/1305031464.459689.png 1305031464.444269 depth/1305031464.444269.png 1305031464.439300 -0.1546 -0.3810 1.6872 0.9014 -0.0668 0.0465 -0.4252
1305031464.495633 rgb/1305031464.495633.png 1305031464.487561 depth/1305031464.487561.png 1305031464.489300 -0.1318 -0.3896 1.7083 0.8992 -0.0556 0.0451 -0.4316
1305031464.527574 rgb/1305031464.527574.png 1305031464.513688 depth/1305031464.513688.png 1305031464.509500 -0.1228 -0.3934 1.7174 0.8997 -0.0518 0.0461 -0.4311
1305031464.559703 rgb/1305031464.559703.png 1305031464.548007 depth/1305031464.548007.png 1305031464.549400 -0.1059 -0.4017 1.7357 0.9013 -0.0379 0.0486 -0.4288
1305031464.595698 rgb/1305031464.595698.png 1305031464.584260 depth/1305031464.584260.png 1305031464.579300 -0.0937 -0.4080 1.7509 0.9007 -0.0297 0.0542 -0.4299
1305031464.627672 rgb/1305031464.627672.png 1305031464.615688 depth/1305031464.615688.png 1305031464.619500 -0.0774 -0.4163 1.7717 0.8945 -0.0255 0.0682 -0.4411
1305031464.659749 rgb/1305031464.659749.png 1305031464.648851 depth/1305031464.648851.png 1305031464.649300 -0.0656 -0.4211 1.7866 0.8895 -0.0194 0.0803 -0.4493
1305031464.695663 rgb/1305031464.695663.png 1305031464.684318 depth/1305031464.684318.png 1305031464.679400 -0.0542 -0.4241 1.8012 0.8832 -0.0094 0.0930 -0.4596
1305031464.727652 rgb/1305031464.727652.png 1305031464.716305 depth/1305031464.716305.png 1305031464.719300 -0.0394 -0.4254 1.8195 0.8725 0.0064 0.1041 -0.4774
1305031464.759740 rgb/1305031464.759740.png 1305031464.748588 depth/1305031464.748588.png 1305031464.749300 -0.0292 -0.4244 1.8309 0.8662 0.0221 0.1081 -0.4873
1305031464.796021 rgb/1305031464.796021.png 1305031464.784268 depth/1305031464.784268.png 1305031464.779300 -0.0189 -0.4223 1.8403 0.8631 0.0400 0.1093 -0.4915
1305031464.827759 rgb/1305031464.827759.png 1305031464.816195 depth/1305031464.816195.png 1305031464.819300 -0.0060 -0.4170 1.8508 -0.8578 -0.0625 -0.1017 0.5000
1305031464.859654 rgb/1305031464.859654.png 1305031464.848283 depth/1305031464.848283.png 1305031464.849300 0.0034 -0.4114 1.8569 -0.8555 -0.0811 -0.0915 0.5032
1305031464.895817 rgb/1305031464.895817.png 1305031464.884177 depth/1305031464.884177.png 1305031464.879500 0.0130 -0.4040 1.8616 -0.8554 -0.1037 -0.0841 0.5005
1305031464.927799 rgb/1305031464.927799.png 1305031464.916391 depth/1305031464.916391.png 1305031464.919300 0.0264 -0.3917 1.8661 0.8545 0.1334 0.0792 -0.4957
1305031464.959763 rgb/1305031464.959763.png 1305031464.952471 depth/1305031464.952471.png 1305031464.949300 0.0370 -0.3812 1.8679 0.8508 0.1489 0.0785 -0.4978
1305031464.995687 rgb/1305031464.995687.png 1305031464.984257 depth/1305031464.984257.png 1305031464.979300 0.0486 -0.3705 1.8673 -0.8456 -0.1645 -0.0809 0.5014
1305031465.027823 rgb/1305031465.027823.png 1305031465.015390 depth/1305031465.015390.png 1305031465.019300 0.0639 -0.3555 1.8624 -0.8383 -0.1872 -0.0888 0.5044
1305031465.059749 rgb/1305031465.059749.png 1305031465.048430 depth/1305031465.048430.png 1305031465.049300 0.0754 -0.3443 1.8555 -0.8310 -0.2063 -0.0900 0.5087
1305031465.095700 rgb/1305031465.095700.png 1305031465.083338 depth/1305031465.083338.png 1305031465.079300 0.0869 -0.3336 1.8448 -0.8288 -0.2259 -0.0862 0.5045
1305031465.127664 rgb/1305031465.127664.png 1305031465.115475 depth/1305031465.115475.png 1305031465.119300 0.1043 -0.3191 1.8254 0.8336 0.2523 0.0826 -0.4843
1305031465.159842 rgb/1305031465.159842.png 1305031465.151558 depth/1305031465.151558.png 1305031465.149300 0.1185 -0.3085 1.8092 0.8386 0.2651 0.0781 -0.4695
1305031465.195564 rgb/1305031465.195564.png 1305031465.183558 depth/1305031465.183558.png 1305031465.179300 0.1338 -0.2988 1.7927 0.8419 0.2753 0.0721 -0.4585
1305031465.227907 rgb/1305031465.227907.png 1305031465.215832 depth/1305031465.215832.png 1305031465.219300 0.1558 -0.2858 1.7708 0.8453 0.2871 0.0652 -0.4460
1305031465.259807 rgb/1305031465.259807.png 1305031465.251788 depth/1305031465.251788.png 1305031465.249300 0.1740 -0.2769 1.7549 0.8491 0.2922 0.0586 -0.4361
1305031465.295623 rgb/1305031465.295623.png 1305031465.283737 depth/1305031465.283737.png 1305031465.279300 0.1934 -0.2686 1.7403 0.8528 0.2901 0.0471 -0.4317
1305031465.327674 rgb/1305031465.327674.png 1305031465.315985 depth/1305031465.315985.png 1305031465.319300 0.2207 -0.2581 1.7215 0.8601 0.2839 0.0265 -0.4230
1305031465.359948 rgb/1305031465.359948.png 1305031465.351729 depth/1305031465.351729.png 1305031465.349300 0.2416 -0.2514 1.7093 0.8645 0.2802 0.0075 -0.4172
1305031465.395586 rgb/1305031465.395586.png 1305031465.383701 depth/1305031465.383701.png 1305031465.379300 0.2633 -0.2453 1.6983 0.8658 0.2772 -0.0136 -0.4164
1305031465.427697 rgb/1305031465.427697.png 1305031465.416543 depth/1305031465.416543.png 1305031465.419300 0.2934 -0.2386 1.6857 0.8665 0.2721 -0.0367 -0.4168
1305031465.460125 rgb/1305031465.460125.png 1305031465.452401 depth/1305031465.452401.png 1305031465.449300 0.3163 -0.2351 1.6771 0.8674 0.2653 -0.0525 -0.4178
1305031465.495703 rgb/1305031465.495703.png 1305031465.483803 depth/1305031465.483803.png 1305031465.479300 0.3395 -0.2325 1.6689 0.8697 0.2599 -0.0666 -0.4142
1305031465.527622 rgb/1305031465.527622.png 1305031465.516043 depth/1305031465.516043.png 1305031465.519300 0.3701 -0.2309 1.6594 0.8706 0.2600 -0.0800 -0.4101
1305031465.559812 rgb/1305031465.559812.png 1305031465.551838 depth/1305031465.551838.png 1305031465.549300 0.3937 -0.2305 1.6534 0.8672 0.2590 -0.0924 -0.4151
1305031465.595599 rgb/1305031465.595599.png 1305031465.583570 depth/1305031465.583570.png 1305031465.579400 0.4181 -0.2308 1.6471 0.8665 0.2536 -0.1020 -0.4177
1305031465.627688 rgb/1305031465.627688.png 1305031465.615685 depth/1305031465.615685.png 1305031465.619300 0.4515 -0.2324 1.6381 0.8657 0.2455 -0.1136 -0.4212
1305031465.660060 rgb/1305031465.660060.png 1305031465.651645 depth/1305031465.651645.png 1305031465.649300 0.4766 -0.2348 1.6308 0.8644 0.2422 -0.1269 -0.4220
1305031465.695668 rgb/1305031465.695668.png 1305031465.684759 depth/1305031465.684759.png 1305031465.689300 0.5105 -0.2379 1.6202 0.8615 0.2374 -0.1415 -0.4260
1305031465.727682 rgb/1305031465.727682.png 1305031465.716279 depth/1305031465.716279.png 1305031465.719300 0.5366 -0.2403 1.6115 0.8594 0.2305 -0.1498 -0.4312
1305031465.759766 rgb/1305031465.759766.png 1305031465.753153 depth/1305031465.753153.png 1305031465.749300 0.5628 -0.2430 1.6018 0.8574 0.2236 -0.1597 -0.4352
1305031465.795937 rgb/1305031465.795937.png 1305031465.784387 depth/1305031465.784387.png 1305031465.789300 0.5974 -0.2460 1.5876 0.8546 0.2179 -0.1699 -0.4398
1305031465.827996 rgb/1305031465.827996.png 1305031465.816591 depth/1305031465.816591.png 1305031465.819300 0.6236 -0.2488 1.5766 0.8508 0.2143 -0.1775 -0.4457
1305031465.859861 rgb/1305031465.859861.png 1305031465.852860 depth/1305031465.852860.png 1305031465.849300 0.6499 -0.2512 1.5650 0.8462 0.2096 -0.1848 -0.4537
1305031465.895494 rgb/1305031465.895494.png 1305031465.884370 depth/1305031465.884370.png 1305031465.889300 0.6843 -0.2549 1.5480 0.8461 0.2034 -0.1848 -0.4567
1305031465.927495 rgb/1305031465.927495.png 1305031465.912828 depth/1305031465.912828.png 1305031465.909300 0.7016 -0.2567 1.5394 0.8452 0.2009 -0.1825 -0.4605
1305031465.959710 rgb/1305031465.959710.png 1305031465.952840 depth/1305031465.952840.png 1305031465.949300 0.7350 -0.2605 1.5227 0.8392 0.1964 -0.1799 -0.4741
1305031465.995753 rgb/1305031465.995753.png 1305031465.984183 depth/1305031465.984183.png 1305031465.979300 0.7588 -0.2637 1.5100 0.8358 0.1952 -0.1761 -0.4820
1305031466.027644 rgb/1305031466.027644.png 1305031466.016599 depth/1305031466.016599.png 1305031466.019300 0.7891 -0.2689 1.4928 0.8312 0.1957 -0.1763 -0.4896
1305031466.059757 rgb/1305031466.059757.png 1305031466.052655 depth/1305031466.052655.png 1305031466.049300 0.8110 -0.2738 1.4802 0.8331 0.1949 -0.1765 -0.4867
1305031466.095840 rgb/1305031466.095840.png 1305031466.083913 depth/1305031466.083913.png 1305031466.079300 0.8320 -0.2794 1.4686 0.8346 0.1954 -0.1771 -0.4836
1305031466.127640 rgb/1305031466.127640.png 1305031466.116400 depth/1305031466.116400.png 1305031466.119300 0.8592 -0.2889 1.4557 0.8364 0.1993 -0.1816 -0.4772
1305031466.160428 rgb/1305031466.160428.png 1305031466.152540 depth/1305031466.152540.png 1305031466.149300 0.8790 -0.2972 1.4483 0.8380 0.2006 -0.1859 -0.4722
1305031466.195833 rgb/1305031466.195833.png 1305031466.184186 depth/1305031466.184186.png 1305031466.179200 0.8982 -0.3052 1.4425 0.8385 0.2030 -0.1941 -0.4669
1305031466.227951 rgb/1305031466.227951.png 1305031466.220477 depth/1305031466.220477.png 1305031466.219300 0.9236 -0.3167 1.4381 0.8422 0.2129 -0.1999 -0.4533
1305031466.259815 rgb/1305031466.259815.png 1305031466.252491 depth/1305031466.252491.png 1305031466.249300 0.9431 -0.3251 1.4381 0.8419 0.2205 -0.1990 -0.4506
1305031466.295737 rgb/1305031466.295737.png 1305031466.284389 depth/1305031466.284389.png 1305031466.289300 0.9693 -0.3345 1.4403 0.8382 0.2290 -0.1899 -0.4572
1305031466.327702 rgb/1305031466.327702.png 1305031466.320055 depth/1305031466.320055.png 1305031466.319300 0.9896 -0.3404 1.4429 0.8391 0.2345 -0.1769 -0.4580
1305031466.359829 rgb/1305031466.359829.png 1305031466.352082 depth/1305031466.352082.png 1305031466.349300 1.0085 -0.3452 1.4445 0.8406 0.2348 -0.1692 -0.4579
1305031466.395784 rgb/1305031466.395784.png 1305031466.384479 depth/1305031466.384479.png 1305031466.389300 1.0345 -0.3509 1.4482 0.8392 0.2396 -0.1643 -0.4597
1305031466.427819 rgb/1305031466.427819.png 1305031466.420844 depth/1305031466.420844.png 1305031466.419300 1.0540 -0.3547 1.4508 0.8353 0.2437 -0.1669 -0.4637
1305031466.459790 rgb/1305031466.459790.png 1305031466.452369 depth/1305031466.452369.png 1305031466.449300 1.0733 -0.3571 1.4519 0.8339 0.2493 -0.1697 -0.4622
1305031466.495809 rgb/1305031466.495809.png 1305031466.483315 depth/1305031466.483315.png 1305031466.479400 1.0929 -0.3583 1.4517 0.8347 0.2530 -0.1728 -0.4576
1305031466.527538 rgb/1305031466.527538.png 1305031466.519548 depth/1305031466.519548.png 1305031466.519300 1.1203 -0.3578 1.4504 0.8369 0.2532 -0.1712 -0.4540
1305031466.560353 rgb/1305031466.560353.png 1305031466.552219 depth/1305031466.552219.png 1305031466.549500 1.1407 -0.3559 1.4482 0.8365 0.2528 -0.1690 -0.4559
1305031466.595936 rgb/1305031466.595936.png 1305031466.584438 depth/1305031466.584438.png 1305031466.589300 1.1681 -0.3514 1.4444 0.8403 0.2577 -0.1665 -0.4469
1305031466.627549 rgb/1305031466.627549.png 1305031466.620424 depth/1305031466.620424.png 1305031466.619300 1.1890 -0.3478 1.4422 0.8420 0.2612 -0.1632 -0.4429
1305031466.659688 rgb/1305031466.659688.png 1305031466.648654 depth/1305031466.648654.png 1305031466.649300 1.2098 -0.3436 1.4407 0.8378 0.2642 -0.1609 -0.4499
1305031466.695822 rgb/1305031466.695822.png 1305031466.684412 depth/1305031466.684412.png 1305031466.689300 1.2360 -0.3382 1.4379 0.8348 0.2734 -0.1592 -0.4506
1305031466.728074 rgb/1305031466.728074.png 1305031466.719744 depth/1305031466.719744.png 1305031466.719300 1.2554 -0.3340 1.4356 0.8357 0.2826 -0.1564 -0.4442
1305031466.759637 rgb/1305031466.759637.png 1305031466.748734 depth/1305031466.748734.png 1305031466.749300 1.2744 -0.3296 1.4344 0.8318 0.2892 -0.1550 -0.4477
1305031466.795604 rgb/1305031466.795604.png 1305031466.784300 depth/1305031466.784300.png 1305031466.789300 1.2991 -0.3238 1.4334 0.8252 0.2962 -0.1558 -0.4550
1305031466.827879 rgb/1305031466.827879.png 1305031466.819502 depth/1305031466.819502.png 1305031466.819600 1.3166 -0.3194 1.4323 0.8253 0.3012 -0.1582 -0.4508
1305031466.859665 rgb/1305031466.859665.png 1305031466.851527 depth/1305031466.851527.png 1305031466.849300 1.3335 -0.3155 1.4319 0.8256 0.3029 -0.1630 -0.4473
1305031466.895694 rgb/1305031466.895694.png 1305031466.883430 depth/1305031466.883430.png 1305031466.879300 1.3496 -0.3116 1.4324 0.8217 0.3072 -0.1722 -0.4482
1305031466.927756 rgb/1305031466.927756.png 1305031466.919411 depth/1305031466.919411.png 1305031466.919300 1.3706 -0.3058 1.4332 0.8168 0.3165 -0.1869 -0.4448
1305031466.959728 rgb/1305031466.959728.png 1305031466.952451 depth/1305031466.952451.png 1305031466.949300 1.3859 -0.3011 1.4341 0.8137 0.3202 -0.1965 -0.4435
1305031466.995712 rgb/1305031466.995712.png 1305031466.984027 depth/1305031466.984027.png 1305031466.979200 1.4014 -0.2962 1.4352 0.8116 0.3240 -0.2005 -0.4429
1305031467.027843 rgb/1305031467.027843.png 1305031467.020424 depth/1305031467.020424.png 1305031467.019300 1.4216 -0.2896 1.4368 0.8093 0.3310 -0.2021 -0.4411
1305031467.059700 rgb/1305031467.059700.png 1305031467.052391 depth/1305031467.052391.png 1305031467.049300 1.4367 -0.2844 1.4374 0.8081 0.3339 -0.2035 -0.4405
1305031467.095687 rgb/1305031467.095687.png 1305031467.084130 depth/1305031467.084130.png 1305031467.079200 1.4511 -0.2789 1.4375 0.8070 0.3384 -0.2028 -0.4394
1305031467.128974 rgb/1305031467.128974.png 1305031467.120528 depth/1305031467.120528.png 1305031467.119300 1.4694 -0.2724 1.4373 0.8020 0.3502 -0.2019 -0.4398
1305031467.159660 rgb/1305031467.159660.png 1305031467.152363 depth/1305031467.152363.png 1305031467.149300 1.4826 -0.2676 1.4373 0.7977 0.3570 -0.2021 -0.4420
1305031467.195663 rgb/1305031467.195663.png 1305031467.184216 depth/1305031467.184216.png 1305031467.179400 1.4954 -0.2629 1.4371 0.7946 0.3623 -0.2045 -0.4421
1305031467.227704 rgb/1305031467.227704.png 1305031467.220466 depth/1305031467.220466.png 1305031467.219300 1.5126 -0.2573 1.4374 0.7907 0.3721 -0.2080 -0.4395
1305031467.259694 rgb/1305031467.259694.png 1305031467.252275 depth/1305031467.252275.png 1305031467.249300 1.5252 -0.2530 1.4377 0.7867 0.3770 -0.2117 -0.4407
1305031467.295846 rgb/1305031467.295846.png 1305031467.284258 depth/1305031467.284258.png 1305031467.289200 1.5429 -0.2480 1.4379 0.7817 0.3859 -0.2141 -0.4407
1305031467.328008 rgb/1305031467.328008.png 1305031467.318028 depth/1305031467.318028.png 1305031467.319200 1.5564 -0.2441 1.4384 0.7781 0.3921 -0.2160 -0.4407
1305031467.359654 rgb/1305031467.359654.png 1305031467.349355 depth/1305031467.349355.png 1305031467.349300 1.5693 -0.2399 1.4382 0.7758 0.3961 -0.2214 -0.4384
1305031467.395756 rgb/1305031467.395756.png 1305031467.383844 depth/1305031467.383844.png 1305031467.379300 1.5829 -0.2363 1.4379 0.7755 0.4028 -0.2241 -0.4314
1305031467.427783 rgb/1305031467.427783.png 1305031467.420160 depth/1305031467.420160.png 1305031467.419300 1.6018 -0.2313 1.4387 0.7727 0.4100 -0.2280 -0.4277
1305031467.459692 rgb/1305031467.459692.png 1305031467.452057 depth/1305031467.452057.png 1305031467.449300 1.6151 -0.2275 1.4391 0.7685 0.4127 -0.2356 -0.4284
1305031467.527663 rgb/1305031467.527663.png 1305031467.520535 depth/1305031467.520535.png 1305031467.519300 1.6475 -0.2175 1.4394 0.7644 0.4288 -0.2394 -0.4177
1305031467.559763 rgb/1305031467.559763.png 1305031467.552164 depth/1305031467.552164.png 1305031467.549300 1.6606 -0.2118 1.4406 0.7632 0.4317 -0.2382 -0.4177
1305031467.595989 rgb/1305031467.595989.png 1305031467.584354 depth/1305031467.584354.png 1305031467.589200 1.6762 -0.2022 1.4423 0.7627 0.4318 -0.2406 -0.4171
1305031467.627532 rgb/1305031467.627532.png 1305031467.618680 depth/1305031467.618680.png 1305031467.619200 1.6866 -0.1941 1.4440 0.7619 0.4321 -0.2452 -0.4155
1305031467.659626 rgb/1305031467.659626.png 1305031467.651977 depth/1305031467.651977.png 1305031467.649300 1.6945 -0.1851 1.4456 0.7579 0.4291 -0.2555 -0.4197
1305031467.695886 rgb/1305031467.695886.png 1305031467.686044 depth/1305031467.686044.png 1305031467.689300 1.7035 -0.1711 1.4476 0.7542 0.4324 -0.2600 -0.4202
1305031467.727535 rgb/1305031467.727535.png 1305031467.718326 depth/1305031467.718326.png 1305031467.719300 1.7085 -0.1595 1.4487 0.7495 0.4361 -0.2616 -0.4239
1305031467.759907 rgb/1305031467.759907.png 1305031467.752580 depth/1305031467.752580.png 1305031467.749300 1.7122 -0.1470 1.4499 0.7456 0.4367 -0.2635 -0.4289
1305031467.796075 rgb/1305031467.796075.png 1305031467.788562 depth/1305031467.788562.png 1305031467.789300 1.7147 -0.1289 1.4500 0.7410 0.4410 -0.2669 -0.4303
1305031467.827800 rgb/1305031467.827800.png 1305031467.820454 depth/1305031467.820454.png 1305031467.819200 1.7156 -0.1142 1.4500 0.7383 0.4418 -0.2697 -0.4324
1305031467.859729 rgb/1305031467.859729.png 1305031467.852678 depth/1305031467.852678.png 1305031467.849300 1.7149 -0.0985 1.4497 0.7345 0.4398 -0.2762 -0.4369
1305031467.895947 rgb/1305031467.895947.png 1305031467.888472 depth/1305031467.888472.png 1305031467.889200 1.7125 -0.0771 1.4484 0.7284 0.4416 -0.2865 -0.4387
1305031467.927754 rgb/1305031467.927754.png 1305031467.920800 depth/1305031467.920800.png 1305031467.919300 1.7093 -0.0608 1.4471 0.7236 0.4459 -0.2923 -0.4384
1305031467.959826 rgb/1305031467.959826.png 1305031467.952485 depth/1305031467.952485.png 1305031467.949300 1.7060 -0.0437 1.4460 0.7197 0.4476 -0.2966 -0.4401
1305031467.995754 rgb/1305031467.995754.png 1305031467.988523 depth/1305031467.988523.png 1305031467.989500 1.6999 -0.0199 1.4437 0.7163 0.4503 -0.2997 -0.4408
1305031468.028107 rgb/1305031468.028107.png 1305031468.020491 depth/1305031468.020491.png 1305031468.019200 1.6949 -0.0015 1.4419 0.7157 0.4534 -0.2991 -0.4391
1305031468.059850 rgb/1305031468.059850.png 1305031468.052668 depth/1305031468.052668.png 1305031468.049400 1.6894 0.0165 1.4412 0.7121 0.4569 -0.3002 -0.4404
1305031468.095867 rgb/1305031468.095867.png 1305031468.088379 depth/1305031468.088379.png 1305031468.089200 1.6815 0.0414 1.4407 0.7080 0.4599 -0.3047 -0.4410
1305031468.127816 rgb/1305031468.127816.png 1305031468.120522 depth/1305031468.120522.png 1305031468.119200 1.6760 0.0603 1.4410 0.7091 0.4624 -0.3044 -0.4366
1305031468.159864 rgb/1305031468.159864.png 1305031468.152356 depth/1305031468.152356.png 1305031468.149300 1.6701 0.0796 1.4423 0.7059 0.4651 -0.3064 -0.4376
1305031468.195985 rgb/1305031468.195985.png 1305031468.188327 depth/1305031468.188327.png 1305031468.189300 1.6627 0.1057 1.4453 0.7041 0.4696 -0.3060 -0.4360
1305031468.228158 rgb/1305031468.228158.png 1305031468.220648 depth/1305031468.220648.png 1305031468.219200 1.6579 0.1261 1.4491 0.7060 0.4703 -0.3046 -0.4330
1305031468.259754 rgb/1305031468.259754.png 1305031468.252517 depth/1305031468.252517.png 1305031468.249300 1.6525 0.1470 1.4543 0.7072 0.4695 -0.3050 -0.4318
1305031468.295830 rgb/1305031468.295830.png 1305031468.288361 depth/1305031468.288361.png 1305031468.289300 1.6462 0.1743 1.4626 0.7089 0.4701 -0.3031 -0.4297
1305031468.327847 rgb/1305031468.327847.png 1305031468.320522 depth/1305031468.320522.png 1305031468.319200 1.6415 0.1943 1.4702 0.7095 0.4681 -0.3030 -0.4310
1305031468.359787 rgb/1305031468.359787.png 1305031468.352594 depth/1305031468.352594.png 1305031468.349300 1.6373 0.2138 1.4786 0.7110 0.4642 -0.3036 -0.4322
1305031468.395860 rgb/1305031468.395860.png 1305031468.384700 depth/1305031468.384700.png 1305031468.389200 1.6307 0.2384 1.4901 0.7137 0.4649 -0.3020 -0.4282
1305031468.428025 rgb/1305031468.428025.png 1305031468.420595 depth/1305031468.420595.png 1305031468.419200 1.6256 0.2553 1.4996 0.7155 0.4664 -0.3007 -0.4244
1305031468.459759 rgb/1305031468.459759.png 1305031468.452605 depth/1305031468.452605.png 1305031468.449300 1.6201 0.2718 1.5103 0.7168 0.4658 -0.3022 -0.4217
1305031468.495809 rgb/1305031468.495809.png 1305031468.488646 depth/1305031468.488646.png 1305031468.489300 1.6115 0.2916 1.5250 0.7203 0.4667 -0.2989 -0.4171
1305031468.527756 rgb/1305031468.527756.png 1305031468.520786 depth/1305031468.520786.png 1305031468.519300 1.6042 0.3044 1.5366 0.7191 0.4704 -0.2955 -0.4175
1305031468.559739 rgb/1305031468.559739.png 1305031468.552701 depth/1305031468.552701.png 1305031468.549300 1.5965 0.3160 1.5490 0.7133 0.4762 -0.2934 -0.4223
1305031468.595768 rgb/1305031468.595768.png 1305031468.588614 depth/1305031468.588614.png 1305031468.589300 1.5852 0.3301 1.5650 0.7093 0.4823 -0.2912 -0.4237
1305031468.627626 rgb/1305031468.627626.png 1305031468.620590 depth/1305031468.620590.png 1305031468.619200 1.5761 0.3395 1.5761 0.7116 0.4854 -0.2891 -0.4176
1305031468.659579 rgb/1305031468.659579.png 1305031468.656644 depth/1305031468.656644.png 1305031468.659200 1.5639 0.3511 1.5911 0.7094 0.4895 -0.2916 -0.4148
1305031468.695835 rgb/1305031468.695835.png 1305031468.688643 depth/1305031468.688643.png 1305031468.689300 1.5539 0.3588 1.6022 0.7039 0.4927 -0.2959 -0.4174
1305031468.727785 rgb/1305031468.727785.png 1305031468.720560 depth/1305031468.720560.png 1305031468.719200 1.5442 0.3657 1.6131 0.7006 0.4947 -0.3003 -0.4175
1305031468.759628 rgb/1305031468.759628.png 1305031468.756725 depth/1305031468.756725.png 1305031468.759300 1.5313 0.3745 1.6267 0.6987 0.4962 -0.3042 -0.4160
1305031468.795796 rgb/1305031468.795796.png 1305031468.788562 depth/1305031468.788562.png 1305031468.789200 1.5213 0.3803 1.6366 0.6942 0.4993 -0.3051 -0.4191
1305031468.829247 rgb/1305031468.829247.png 1305031468.817997 depth/1305031468.817997.png 1305031468.819200 1.5115 0.3858 1.6463 0.6876 0.5030 -0.3059 -0.4250
1305031468.859659 rgb/1305031468.859659.png 1305031468.854887 depth/1305031468.854887.png 1305031468.859200 1.4983 0.3926 1.6579 0.6858 0.5064 -0.3026 -0.4262
1305031468.895873 rgb/1305031468.895873.png 1305031468.889220 depth/1305031468.889220.png 1305031468.889200 1.4891 0.3974 1.6655 0.6885 0.5071 -0.2961 -0.4256
1305031468.928141 rgb/1305031468.928141.png 1305031468.920539 depth/1305031468.920539.png 1305031468.919200 1.4801 0.4026 1.6721 0.6931 0.5046 -0.2916 -0.4243
1305031468.959594 rgb/1305031468.959594.png 1305031468.956482 depth/1305031468.956482.png 1305031468.959200 1.4681 0.4092 1.6793 0.7013 0.5015 -0.2850 -0.4188
1305031468.995711 rgb/1305031468.995711.png 1305031468.986011 depth/1305031468.986011.png 1305031468.989200 1.4587 0.4142 1.6823 0.7071 0.5070 -0.2771 -0.4077
1305031469.027699 rgb/1305031469.027699.png 1305031469.020731 depth/1305031469.020731.png 1305031469.019200 1.4498 0.4193 1.6840 0.7136 0.5140 -0.2670 -0.3940
1305031469.059832 rgb/1305031469.059832.png 1305031469.056318 depth/1305031469.056318.png 1305031469.059200 1.4374 0.4262 1.6854 0.7161 0.5228 -0.2595 -0.3828
1305031469.095723 rgb/1305031469.095723.png 1305031469.088069 depth/1305031469.088069.png 1305031469.089200 1.4286 0.4315 1.6852 0.7169 0.5320 -0.2508 -0.3744
1305031469.127679 rgb/1305031469.127679.png 1305031469.119984 depth/1305031469.119984.png 1305031469.119200 1.4199 0.4374 1.6835 0.7192 0.5393 -0.2385 -0.3676
1305031469.159703 rgb/1305031469.159703.png 1305031469.155046 depth/1305031469.155046.png 1305031469.159300 1.4094 0.4454 1.6803 0.7243 0.5450 -0.2202 -0.3604
1305031469.195540 rgb/1305031469.195540.png 1305031469.184648 depth/1305031469.184648.png 1305031469.189300 1.4004 0.4517 1.6768 0.7262 0.5465 -0.2117 -0.3593
1305031469.227754 rgb/1305031469.227754.png 1305031469.219541 depth/1305031469.219541.png 1305031469.219200 1.3915 0.4580 1.6730 0.7268 0.5478 -0.2069 -0.3590
1305031469.259586 rgb/1305031469.259586.png 1305031469.256002 depth/1305031469.256002.png 1305031469.259300 1.3810 0.4655 1.6665 0.7278 0.5529 -0.2006 -0.3525
1305031469.296754 rgb/1305031469.296754.png 1305031469.288263 depth/1305031469.288263.png 1305031469.289200 1.3733 0.4709 1.6609 0.7304 0.5535 -0.1930 -0.3506
1305031469.327618 rgb/1305031469.327618.png 1305031469.319772 depth/1305031469.319772.png 1305031469.319200 1.3653 0.4755 1.6536 0.7318 0.5545 -0.1891 -0.3482
1305031469.359592 rgb/1305031469.359592.png 1305031469.356116 depth/1305031469.356116.png 1305031469.359200 1.3556 0.4813 1.6423 0.7348 0.5579 -0.1776 -0.3425
1305031469.395695 rgb/1305031469.395695.png 1305031469.388556 depth/1305031469.388556.png 1305031469.389200 1.3488 0.4853 1.6333 0.7359 0.5578 -0.1658 -0.3462
1305031469.427651 rgb/1305031469.427651.png 1305031469.420278 depth/1305031469.420278.png 1305031469.419200 1.3426 0.4892 1.6238 0.7354 0.5590 -0.1542 -0.3505
1305031469.459668 rgb/1305031469.459668.png 1305031469.456563 depth/1305031469.456563.png 1305031469.459200 1.3348 0.4941 1.6098 0.7342 0.5626 -0.1403 -0.3533
1305031469.495744 rgb/1305031469.495744.png 1305031469.488520 depth/1305031469.488520.png 1305031469.489300 1.3295 0.4975 1.5986 0.7337 0.5633 -0.1359 -0.3547
1305031469.527622 rgb/1305031469.527622.png 1305031469.520417 depth/1305031469.520417.png 1305031469.519200 1.3242 0.5005 1.5865 0.7347 0.5646 -0.1351 -0.3509
1305031469.559645 rgb/1305031469.559645.png 1305031469.556139 depth/1305031469.556139.png 1305031469.559200 1.3181 0.5043 1.5690 0.7368 0.5667 -0.1334 -0.3437
1305031469.595755 rgb/1305031469.595755.png 1305031469.588500 depth/1305031469.588500.png 1305031469.589200 1.3138 0.5068 1.5548 0.7389 0.5672 -0.1334 -0.3383
1305031469.627752 rgb/1305031469.627752.png 1305031469.620563 depth/1305031469.620563.png 1305031469.619300 1.3098 0.5086 1.5401 0.7430 0.5668 -0.1303 -0.3313
1305031469.659590 rgb/1305031469.659590.png 1305031469.656279 depth/1305031469.656279.png 1305031469.659200 1.3044 0.5101 1.5206 0.7468 0.5646 -0.1252 -0.3283
1305031469.695613 rgb/1305031469.695613.png 1305031469.687925 depth/1305031469.687925.png 1305031469.689300 1.3003 0.5101 1.5057 0.7495 0.5636 -0.1213 -0.3254
1305031469.727679 rgb/1305031469.727679.png 1305031469.718943 depth/1305031469.718943.png 1305031469.719200 1.2960 0.5094 1.4904 0.7529 0.5613 -0.1168 -0.3231
1305031469.759599 rgb/1305031469.759599.png 1305031469.756754 depth/1305031469.756754.png 1305031469.759500 1.2904 0.5065 1.4702 0.7583 0.5578 -0.1113 -0.3185
1305031469.795621 rgb/1305031469.795621.png 1305031469.784733 depth/1305031469.784733.png 1305031469.789200 1.2859 0.5029 1.4547 0.7616 0.5563 -0.1104 -0.3134
1305031469.827526 rgb/1305031469.827526.png 1305031469.820544 depth/1305031469.820544.png 1305031469.819500 1.2816 0.4980 1.4396 0.7639 0.5557 -0.1107 -0.3089
1305031469.859574 rgb/1305031469.859574.png 1305031469.854359 depth/1305031469.854359.png 1305031469.859200 1.2761 0.4897 1.4195 0.7679 0.5550 -0.1103 -0.3003
1305031469.895755 rgb/1305031469.895755.png 1305031469.885343 depth/1305031469.885343.png 1305031469.889200 1.2718 0.4823 1.4047 0.7703 0.5530 -0.1112 -0.2973
1305031469.927854 rgb/1305031469.927854.png 1305031469.921773 depth/1305031469.921773.png 1305031469.919200 1.2676 0.4735 1.3906 0.7731 0.5514 -0.1115 -0.2928
1305031469.959805 rgb/1305031469.959805.png 1305031469.953180 depth/1305031469.953180.png 1305031469.949300 1.2631 0.4639 1.3767 0.7740 0.5506 -0.1145 -0.2910
1305031469.995551 rgb/1305031469.995551.png 1305031469.985327 depth/1305031469.985327.png 1305031469.989200 1.2567 0.4498 1.3591 0.7755 0.5489 -0.1167 -0.2891
1305031470.027694 rgb/1305031470.027694.png 1305031470.024714 depth/1305031470.024714.png 1305031470.029200 1.2508 0.4340 1.3429 0.7766 0.5489 -0.1173 -0.2859
1305031470.059638 rgb/1305031470.059638.png 1305031470.057400 depth/1305031470.057400.png 1305031470.059200 1.2463 0.4216 1.3317 0.7774 0.5486 -0.1166 -0.2848
1305031470.095944 rgb/1305031470.095944.png 1305031470.088874 depth/1305031470.088874.png 1305031470.089200 1.2419 0.4087 1.3213 0.7788 0.5467 -0.1170 -0.2845
1305031470.127633 rgb/1305031470.127633.png 1305031470.124820 depth/1305031470.124820.png 1305031470.129200 1.2365 0.3906 1.3087 0.7822 0.5447 -0.1153 -0.2796
1305031470.159626 rgb/1305031470.159626.png 1305031470.156744 depth/1305031470.156744.png 1305031470.159200 1.2323 0.3769 1.3001 0.7841 0.5428 -0.1161 -0.2777
1305031470.196092 rgb/1305031470.196092.png 1305031470.188876 depth/1305031470.188876.png 1305031470.189200 1.2280 0.3629 1.2921 0.7861 0.5405 -0.1177 -0.2760
1305031470.227618 rgb/1305031470.227618.png 1305031470.224776 depth/1305031470.224776.png 1305031470.229200 1.2220 0.3442 1.2820 0.7898 0.5372 -0.1173 -0.2717
1305031470.259965 rgb/1305031470.259965.png 1305031470.253015 depth/1305031470.253015.png 1305031470.249200 1.2190 0.3349 1.2772 0.7917 0.5361 -0.1164 -0.2687
1305031470.295718 rgb/1305031470.295718.png 1305031470.287867 depth/1305031470.287867.png 1305031470.289200 1.2124 0.3163 1.2677 0.7955 0.5338 -0.1141 -0.2632
1305031470.327644 rgb/1305031470.327644.png 1305031470.324266 depth/1305031470.324266.png 1305031470.329200 1.2057 0.2979 1.2590 0.7998 0.5311 -0.1125 -0.2559
1305031470.359624 rgb/1305031470.359624.png 1305031470.356871 depth/1305031470.356871.png 1305031470.359200 1.2005 0.2840 1.2535 0.8031 0.5283 -0.1132 -0.2511
1305031470.395823 rgb/1305031470.395823.png 1305031470.388056 depth/1305031470.388056.png 1305031470.389200 1.1952 0.2703 1.2484 0.8053 0.5260 -0.1145 -0.2483
1305031470.427641 rgb/1305031470.427641.png 1305031470.424090 depth/1305031470.424090.png 1305031470.419200 1.1900 0.2567 1.2442 0.8054 0.5269 -0.1141 -0.2461
1305031470.459721 rgb/1305031470.459721.png 1305031470.455875 depth/1305031470.455875.png 1305031470.459200 1.1824 0.2396 1.2393 0.8046 0.5273 -0.1164 -0.2471
1305031470.495686 rgb/1305031470.495686.png 1305031470.487958 depth/1305031470.487958.png 1305031470.489200 1.1768 0.2273 1.2363 0.8053 0.5260 -0.1179 -0.2467
1305031470.527689 rgb/1305031470.527689.png 1305031470.524431 depth/1305031470.524431.png 1305031470.529200 1.1693 0.2119 1.2322 0.8052 0.5262 -0.1178 -0.2466
1305031470.559677 rgb/1305031470.559677.png 1305031470.556484 depth/1305031470.556484.png 1305031470.559200 1.1635 0.2012 1.2292 0.8064 0.5253 -0.1165 -0.2455
1305031470.595760 rgb/1305031470.595760.png 1305031470.588797 depth/1305031470.588797.png 1305031470.589200 1.1576 0.1910 1.2264 0.8085 0.5220 -0.1174 -0.2453
1305031470.627729 rgb/1305031470.627729.png 1305031470.624535 depth/1305031470.624535.png 1305031470.629200 1.1499 0.1784 1.2227 0.8120 0.5180 -0.1170 -0.2419
1305031470.659690 rgb/1305031470.659690.png 1305031470.656787 depth/1305031470.656787.png 1305031470.659200 1.1437 0.1695 1.2200 0.8143 0.5148 -0.1179 -0.2408
1305031470.695630 rgb/1305031470.695630.png 1305031470.688640 depth/1305031470.688640.png 1305031470.689200 1.1375 0.1609 1.2174 0.8165 0.5132 -0.1179 -0.2368
1305031470.727654 rgb/1305031470.727654.png 1305031470.724461 depth/1305031470.724461.png 1305031470.729200 1.1293 0.1505 1.2149 0.8182 0.5098 -0.1188 -0.2377
1305031470.759682 rgb/1305031470.759682.png 1305031470.755944 depth/1305031470.755944.png 1305031470.759200 1.1238 0.1431 1.2135 0.8221 0.5054 -0.1149 -0.2358
1305031470.795615 rgb/1305031470.795615.png 1305031470.788407 depth/1305031470.788407.png 1305031470.789200 1.1181 0.1362 1.2121 0.8248 0.5014 -0.1124 -0.2360
1305031470.827831 rgb/1305031470.827831.png 1305031470.820633 depth/1305031470.820633.png 1305031470.819200 1.1122 0.1294 1.2119 0.8262 0.4973 -0.1142 -0.2388
1305031470.859645 rgb/1305031470.859645.png 1305031470.855509 depth/1305031470.855509.png 1305031470.859200 1.1042 0.1201 1.2123 0.8274 0.4924 -0.1176 -0.2431
1305031470.895722 rgb/1305031470.895722.png 1305031470.886079 depth/1305031470.886079.png 1305031470.889200 1.0981 0.1136 1.2129 0.8282 0.4891 -0.1213 -0.2453
1305031470.927684 rgb/1305031470.927684.png 1305031470.924410 depth/1305031470.924410.png 1305031470.929200 1.0901 0.1043 1.2153 0.8288 0.4848 -0.1271 -0.2488
1305031470.959647 rgb/1305031470.959647.png 1305031470.956439 depth/1305031470.956439.png 1305031470.959200 1.0840 0.0980 1.2182 0.8268 0.4825 -0.1328 -0.2567
1305031470.995996 rgb/1305031470.995996.png 1305031470.988276 depth/1305031470.988276.png 1305031470.989100 1.0778 0.0919 1.2209 0.8266 0.4793 -0.1348 -0.2622
1305031471.027644 rgb/1305031471.027644.png 1305031471.024309 depth/1305031471.024309.png 1305031471.029200 1.0697 0.0845 1.2250 0.8260 0.4742 -0.1367 -0.2723
1305031471.059636 rgb/1305031471.059636.png 1305031471.056616 depth/1305031471.056616.png 1305031471.059200 1.0641 0.0796 1.2287 0.8263 0.4692 -0.1377 -0.2796
1305031471.095777 rgb/1305031471.095777.png 1305031471.088440 depth/1305031471.088440.png 1305031471.089200 1.0582 0.0748 1.2319 0.8273 0.4640 -0.1404 -0.2840
1305031471.127663 rgb/1305031471.127663.png 1305031471.123837 depth/1305031471.123837.png 1305031471.119200 1.0530 0.0701 1.2351 0.8286 0.4584 -0.1443 -0.2873
1305031471.159649 rgb/1305031471.159649.png 1305031471.155886 depth/1305031471.155886.png 1305031471.159200 1.0461 0.0645 1.2386 0.8301 0.4511 -0.1475 -0.2927
1305031471.195703 rgb/1305031471.195703.png 1305031471.192698 depth/1305031471.192698.png 1305031471.189200 1.0409 0.0607 1.2404 0.8326 0.4451 -0.1471 -0.2950
1305031471.227569 rgb/1305031471.227569.png 1305031471.224404 depth/1305031471.224404.png 1305031471.229200 1.0337 0.0553 1.2422 0.8362 0.4396 -0.1447 -0.2943
1305031471.259722 rgb/1305031471.259722.png 1305031471.256397 depth/1305031471.256397.png 1305031471.259200 1.0285 0.0514 1.2435 0.8383 0.4365 -0.1434 -0.2937
1305031471.296068 rgb/1305031471.296068.png 1305031471.288603 depth/1305031471.288603.png 1305031471.289200 1.0238 0.0477 1.2451 0.8399 0.4313 -0.1435 -0.2966
1305031471.327642 rgb/1305031471.327642.png 1305031471.324440 depth/1305031471.324440.png 1305031471.329200 1.0184 0.0434 1.2475 0.8416 0.4249 -0.1405 -0.3023
1305031471.359615 rgb/1305031471.359615.png 1305031471.356569 depth/1305031471.356569.png 1305031471.359200 1.0153 0.0404 1.2491 0.8449 0.4201 -0.1338 -0.3031
1305031471.395730 rgb/1305031471.395730.png 1305031471.392751 depth/1305031471.392751.png 1305031471.389200 1.0120 0.0375 1.2515 0.8465 0.4143 -0.1313 -0.3074
1305031471.427704 rgb/1305031471.427704.png 1305031471.424494 depth/1305031471.424494.png 1305031471.429300 1.0079 0.0334 1.2548 0.8486 0.4072 -0.1341 -0.3101
1305031471.459647 rgb/1305031471.459647.png 1305031471.456975 depth/1305031471.456975.png 1305031471.459300 1.0045 0.0303 1.2568 0.8503 0.4040 -0.1351 -0.3090
1305031471.496491 rgb/1305031471.496491.png 1305031471.492705 depth/1305031471.492705.png 1305031471.489200 1.0016 0.0270 1.2588 0.8525 0.4002 -0.1350 -0.3079
1305031471.527624 rgb/1305031471.527624.png 1305031471.524343 depth/1305031471.524343.png 1305031471.529200 0.9978 0.0223 1.2615 0.8547 0.3953 -0.1358 -0.3079
1305031471.559671 rgb/1305031471.559671.png 1305031471.556561 depth/1305031471.556561.png 1305031471.559200 0.9957 0.0185 1.2635 0.8564 0.3924 -0.1337 -0.3078
1305031471.595702 rgb/1305031471.595702.png 1305031471.592606 depth/1305031471.592606.png 1305031471.589200 0.9941 0.0150 1.2656 0.8580 0.3888 -0.1302 -0.3093
1305031471.627621 rgb/1305031471.627621.png 1305031471.624486 depth/1305031471.624486.png 1305031471.629100 0.9924 0.0105 1.2686 0.8598 0.3844 -0.1255 -0.3117
1305031471.659642 rgb/1305031471.659642.png 1305031471.656831 depth/1305031471.656831.png 1305031471.659200 0.9916 0.0075 1.2706 0.8612 0.3798 -0.1234 -0.3145
1305031471.695609 rgb/1305031471.695609.png 1305031471.693182 depth/1305031471.693182.png 1305031471.689200 0.9910 0.0049 1.2726 0.8629 0.3747 -0.1221 -0.3165
1305031471.727501 rgb/1305031471.727501.png 1305031471.724753 depth/1305031471.724753.png 1305031471.729200 0.9905 0.0015 1.2742 0.8666 0.3682 -0.1191 -0.3151
1305031471.759702 rgb/1305031471.759702.png 1305031471.753002 depth/1305031471.753002.png 1305031471.749200 0.9903 0.0001 1.2747 0.8685 0.3639 -0.1183 -0.3150
1305031471.795801 rgb/1305031471.795801.png 1305031471.792706 depth/1305031471.792706.png 1305031471.789200 0.9905 -0.0025 1.2755 0.8725 0.3528 -0.1149 -0.3179
1305031471.827639 rgb/1305031471.827639.png 1305031471.823821 depth/1305031471.823821.png 1305031471.819200 0.9902 -0.0049 1.2750 0.8764 0.3472 -0.1117 -0.3144
1305031471.859665 rgb/1305031471.859665.png 1305031471.855793 depth/1305031471.855793.png 1305031471.859100 0.9894 -0.0085 1.2735 0.8808 0.3386 -0.1101 -0.3122
1305031471.895604 rgb/1305031471.895604.png 1305031471.892838 depth/1305031471.892838.png 1305031471.889500 0.9883 -0.0112 1.2720 0.8843 0.3325 -0.1076 -0.3097
1305031471.927651 rgb/1305031471.927651.png 1305031471.924928 depth/1305031471.924928.png 1305031471.929200 0.9866 -0.0156 1.2696 0.8888 0.3267 -0.1005 -0.3052
1305031471.959643 rgb/1305031471.959643.png 1305031471.957162 depth/1305031471.957162.png 1305031471.959200 0.9850 -0.0186 1.2684 0.8897 0.3221 -0.0958 -0.3090
1305031471.995573 rgb/1305031471.995573.png 1305031471.993177 depth/1305031471.993177.png 1305031471.989200 0.9831 -0.0219 1.2665 0.8921 0.3171 -0.0897 -0.3092
1305031472.027638 rgb/1305031472.027638.png 1305031472.024660 depth/1305031472.024660.png 1305031472.029200 0.9803 -0.0266 1.2631 0.8965 0.3129 -0.0822 -0.3027
1305031472.059668 rgb/1305031472.059668.png 1305031472.058063 depth/1305031472.058063.png 1305031472.059200 0.9782 -0.0298 1.2614 0.8972 0.3080 -0.0803 -0.3062
1305031472.095601 rgb/1305031472.095601.png 1305031472.092883 depth/1305031472.092883.png 1305031472.089200 0.9761 -0.0329 1.2595 0.8995 0.3019 -0.0774 -0.3062
1305031472.127594 rgb/1305031472.127594.png 1305031472.124760 depth/1305031472.124760.png 1305031472.129100 0.9721 -0.0371 1.2562 0.9026 0.2994 -0.0740 -0.3002
1305031472.159645 rgb/1305031472.159645.png 1305031472.156982 depth/1305031472.156982.png 1305031472.159200 0.9694 -0.0400 1.2550 0.9038 0.2966 -0.0733 -0.2996
1305031472.195682 rgb/1305031472.195682.png 1305031472.192890 depth/1305031472.192890.png 1305031472.189200 0.9668 -0.0425 1.2546 0.9040 0.2916 -0.0750 -0.3037
1305031472.227626 rgb/1305031472.227626.png 1305031472.224678 depth/1305031472.224678.png 1305031472.229200 0.9638 -0.0454 1.2544 0.9044 0.2885 -0.0748 -0.3054
1305031472.263840 rgb/1305031472.263840.png 1305031472.256642 depth/1305031472.256642.png 1305031472.259100 0.9621 -0.0473 1.2549 0.9037 0.2862 -0.0748 -0.3095
1305031472.295671 rgb/1305031472.295671.png 1305031472.293139 depth/1305031472.293139.png 1305031472.289200 0.9608 -0.0484 1.2561 0.9023 0.2828 -0.0756 -0.3165
1305031472.327678 rgb/1305031472.327678.png 1305031472.324844 depth/1305031472.324844.png 1305031472.329200 0.9593 -0.0495 1.2578 0.9014 0.2813 -0.0763 -0.3203
1305031472.363577 rgb/1305031472.363577.png 1305031472.360912 depth/1305031472.360912.png 1305031472.359100 0.9582 -0.0497 1.2588 0.9023 0.2807 -0.0761 -0.3181
1305031472.395599 rgb/1305031472.395599.png 1305031472.392956 depth/1305031472.392956.png 1305031472.389200 0.9569 -0.0495 1.2602 0.9025 0.2801 -0.0783 -0.3177
1305031472.427686 rgb/1305031472.427686.png 1305031472.424694 depth/1305031472.424694.png 1305031472.429100 0.9549 -0.0484 1.2624 0.9015 0.2802 -0.0820 -0.3196
1305031472.463603 rgb/1305031472.463603.png 1305031472.460919 depth/1305031472.460919.png 1305031472.459200 0.9538 -0.0473 1.2642 0.9014 0.2808 -0.0823 -0.3193
1305031472.495626 rgb/1305031472.495626.png 1305031472.492972 depth/1305031472.492972.png 1305031472.489200 0.9531 -0.0457 1.2660 0.9019 0.2804 -0.0796 -0.3187
1305031472.527625 rgb/1305031472.527625.png 1305031472.524781 depth/1305031472.524781.png 1305031472.529100 0.9528 -0.0435 1.2691 0.9019 0.2788 -0.0791 -0.3204
1305031472.563587 rgb/1305031472.563587.png 1305031472.561296 depth/1305031472.561296.png 1305031472.559200 0.9527 -0.0416 1.2719 0.9001 0.2775 -0.0827 -0.3254
1305031472.595675 rgb/1305031472.595675.png 1305031472.592968 depth/1305031472.592968.png 1305031472.589200 0.9528 -0.0393 1.2742 0.9002 0.2759 -0.0851 -0.3261
1305031472.627701 rgb/1305031472.627701.png 1305031472.624647 depth/1305031472.624647.png 1305031472.629100 0.9529 -0.0357 1.2765 0.9009 0.2747 -0.0867 -0.3247
1305031472.663575 rgb/1305031472.663575.png 1305031472.660836 depth/1305031472.660836.png 1305031472.659200 0.9531 -0.0327 1.2783 0.9010 0.2735 -0.0883 -0.3249
1305031472.695755 rgb/1305031472.695755.png 1305031472.693008 depth/1305031472.693008.png 1305031472.689200 0.9531 -0.0299 1.2801 0.9008 0.2730 -0.0898 -0.3254
1305031472.727628 rgb/1305031472.727628.png 1305031472.724752 depth/1305031472.724752.png 1305031472.729200 0.9529 -0.0261 1.2823 0.8997 0.2732 -0.0916 -0.3280
1305031472.763578 rgb/1305031472.763578.png 1305031472.760654 depth/1305031472.760654.png 1305031472.759200 0.9525 -0.0233 1.2836 0.8990 0.2739 -0.0914 -0.3293
1305031472.795640 rgb/1305031472.795640.png 1305031472.792775 depth/1305031472.792775.png 1305031472.789200 0.9521 -0.0205 1.2848 0.8982 0.2747 -0.0900 -0.3311
1305031472.827627 rgb/1305031472.827627.png 1305031472.824692 depth/1305031472.824692.png 1305031472.829200 0.9514 -0.0172 1.2864 0.8974 0.2742 -0.0904 -0.3336
1305031472.863598 rgb/1305031472.863598.png 1305031472.860936 depth/1305031472.860936.png 1305031472.859200 0.9508 -0.0148 1.2871 0.8973 0.2739 -0.0917 -0.3339
1305031472.895713 rgb/1305031472.895713.png 1305031472.892944 depth/1305031472.892944.png 1305031472.889200 0.9503 -0.0127 1.2874 0.8980 0.2725 -0.0932 -0.3327
1305031472.927685 rgb/1305031472.927685.png 1305031472.924814 depth/1305031472.924814.png 1305031472.929100 0.9495 -0.0102 1.2876 0.8985 0.2711 -0.0950 -0.3318
1305031472.963756 rgb/1305031472.963756.png 1305031472.961213 depth/1305031472.961213.png 1305031472.959100 0.9490 -0.0089 1.2876 0.8989 0.2701 -0.0952 -0.3315
1305031472.995704 rgb/1305031472.995704.png 1305031472.992815 depth/1305031472.992815.png 1305031472.989200 0.9484 -0.0076 1.2873 0.8991 0.2701 -0.0960 -0.3309
1305031473.027638 rgb/1305031473.027638.png 1305031473.024564 depth/1305031473.024564.png 1305031473.029200 0.9477 -0.0067 1.2870 0.8994 0.2709 -0.0969 -0.3290
1305031473.063684 rgb/1305031473.063684.png 1305031473.060795 depth/1305031473.060795.png 1305031473.059200 0.9471 -0.0060 1.2870 0.8992 0.2719 -0.0965 -0.3289
1305031473.095695 rgb/1305031473.095695.png 1305031473.092012 depth/1305031473.092012.png 1305031473.089200 0.9466 -0.0054 1.2872 0.8988 0.2728 -0.0949 -0.3298
1305031473.127744 rgb/1305031473.127744.png 1305031473.124072 depth/1305031473.124072.png 1305031473.119200 0.9460 -0.0049 1.2873 0.8987 0.2739 -0.0933 -0.3296
1305031473.167060 rgb/1305031473.167060.png 1305031473.158420 depth/1305031473.158420.png 1305031473.159200 0.9455 -0.0043 1.2879 0.8979 0.2743 -0.0947 -0.3310
1305031473.196069 rgb/1305031473.196069.png 1305031473.190828 depth/1305031473.190828.png 1305031473.189200 0.9454 -0.0038 1.2886 0.8977 0.2744 -0.0951 -0.3313
